DATE,OBJECTID,Count_,DailyDeathsDiff,deaths7D
2020-03-18 10:00:00+00:00,1,2,,
2020-03-19 10:00:00+00:00,2,0,-2.0,
2020-03-20 10:00:00+00:00,3,2,2.0,
2020-03-21 10:00:00+00:00,4,0,-2.0,
2020-03-22 10:00:00+00:00,5,1,1.0,
2020-03-23 10:00:00+00:00,6,0,-1.0,
2020-03-24 10:00:00+00:00,7,1,1.0,0.8571428571428571
2020-03-25 10:00:00+00:00,8,0,-1.0,0.5714285714285714
2020-03-26 10:00:00+00:00,9,2,2.0,0.8571428571428571
2020-03-27 10:00:00+00:00,10,3,1.0,1.0
2020-03-28 10:00:00+00:00,11,8,5.0,2.142857142857143
2020-03-29 10:00:00+00:00,12,7,-1.0,3.0
2020-03-30 10:00:00+00:00,13,11,4.0,4.571428571428571
2020-03-31 10:00:00+00:00,14,8,-3.0,5.571428571428571
2020-04-01 10:00:00+00:00,15,8,0.0,6.714285714285714
2020-04-02 10:00:00+00:00,16,11,3.0,8.0
2020-04-03 10:00:00+00:00,17,19,8.0,10.285714285714286
2020-04-04 10:00:00+00:00,18,16,-3.0,11.428571428571429
2020-04-05 10:00:00+00:00,19,23,7.0,13.714285714285714
2020-04-06 10:00:00+00:00,20,16,-7.0,14.428571428571429
2020-04-07 10:00:00+00:00,21,21,5.0,16.285714285714285
2020-04-08 10:00:00+00:00,22,29,8.0,19.285714285714285
2020-04-09 10:00:00+00:00,23,29,0.0,21.857142857142858
2020-04-10 10:00:00+00:00,24,34,5.0,24.0
2020-04-11 10:00:00+00:00,25,42,8.0,27.714285714285715
2020-04-12 10:00:00+00:00,26,31,-11.0,28.857142857142858
2020-04-13 10:00:00+00:00,27,43,12.0,32.714285714285715
2020-04-14 10:00:00+00:00,28,36,-7.0,34.857142857142854
2020-04-15 10:00:00+00:00,29,46,10.0,37.285714285714285
2020-04-16 10:00:00+00:00,30,31,-15.0,37.57142857142857
2020-04-17 10:00:00+00:00,31,41,10.0,38.57142857142857
2020-04-18 10:00:00+00:00,32,39,-2.0,38.142857142857146
2020-04-19 10:00:00+00:00,33,44,5.0,40.0
2020-04-20 10:00:00+00:00,34,51,7.0,41.142857142857146
2020-04-21 10:00:00+00:00,35,48,-3.0,42.857142857142854
2020-04-22 10:00:00+00:00,36,47,-1.0,43.0
2020-04-23 10:00:00+00:00,37,52,5.0,46.0
2020-04-24 10:00:00+00:00,38,64,12.0,49.285714285714285
2020-04-25 10:00:00+00:00,39,49,-15.0,50.714285714285715
2020-04-26 10:00:00+00:00,40,51,2.0,51.714285714285715
2020-04-27 10:00:00+00:00,41,42,-9.0,50.42857142857143
2020-04-28 10:00:00+00:00,42,53,11.0,51.142857142857146
2020-04-29 10:00:00+00:00,43,69,16.0,54.285714285714285
2020-04-30 10:00:00+00:00,44,60,-9.0,55.42857142857143
2020-05-01 10:00:00+00:00,45,49,-11.0,53.285714285714285
2020-05-02 10:00:00+00:00,46,45,-4.0,52.714285714285715
2020-05-03 10:00:00+00:00,47,44,-1.0,51.714285714285715
2020-05-04 10:00:00+00:00,48,53,9.0,53.285714285714285
2020-05-05 10:00:00+00:00,49,53,0.0,53.285714285714285
2020-05-06 10:00:00+00:00,50,42,-11.0,49.42857142857143
2020-05-07 10:00:00+00:00,51,57,15.0,49.0
2020-05-08 10:00:00+00:00,52,64,7.0,51.142857142857146
2020-05-09 10:00:00+00:00,53,50,-14.0,51.857142857142854
2020-05-10 10:00:00+00:00,54,44,-6.0,51.857142857142854
2020-05-11 10:00:00+00:00,55,50,6.0,51.42857142857143
2020-05-12 10:00:00+00:00,56,48,-2.0,50.714285714285715
2020-05-13 10:00:00+00:00,57,48,0.0,51.57142857142857
2020-05-14 10:00:00+00:00,58,53,5.0,51.0
2020-05-15 10:00:00+00:00,59,57,4.0,50.0
2020-05-16 10:00:00+00:00,60,48,-9.0,49.714285714285715
2020-05-17 10:00:00+00:00,61,49,1.0,50.42857142857143
2020-05-18 10:00:00+00:00,62,35,-14.0,48.285714285714285
2020-05-19 10:00:00+00:00,63,41,6.0,47.285714285714285
2020-05-20 10:00:00+00:00,64,34,-7.0,45.285714285714285
2020-05-21 10:00:00+00:00,65,24,-10.0,41.142857142857146
2020-05-22 10:00:00+00:00,66,56,32.0,41.0
2020-05-23 10:00:00+00:00,67,30,-26.0,38.42857142857143
2020-05-24 10:00:00+00:00,68,36,6.0,36.57142857142857
2020-05-25 10:00:00+00:00,69,39,3.0,37.142857142857146
2020-05-26 10:00:00+00:00,70,41,2.0,37.142857142857146
2020-05-27 10:00:00+00:00,71,43,2.0,38.42857142857143
2020-05-28 10:00:00+00:00,72,44,1.0,41.285714285714285
2020-05-29 10:00:00+00:00,73,39,-5.0,38.857142857142854
2020-05-30 10:00:00+00:00,74,28,-11.0,38.57142857142857
2020-05-31 10:00:00+00:00,75,35,7.0,38.42857142857143
2020-06-01 10:00:00+00:00,76,31,-4.0,37.285714285714285
2020-06-02 10:00:00+00:00,77,25,-6.0,35.0
2020-06-03 10:00:00+00:00,78,38,13.0,34.285714285714285
2020-06-04 10:00:00+00:00,79,33,-5.0,32.714285714285715
2020-06-05 10:00:00+00:00,80,31,-2.0,31.571428571428573
2020-06-06 10:00:00+00:00,81,24,-7.0,31.0
2020-06-07 10:00:00+00:00,82,27,3.0,29.857142857142858
2020-06-08 10:00:00+00:00,83,22,-5.0,28.571428571428573
2020-06-09 10:00:00+00:00,84,26,4.0,28.714285714285715
2020-06-10 10:00:00+00:00,85,33,7.0,28.0
2020-06-11 10:00:00+00:00,86,23,-10.0,26.571428571428573
2020-06-12 10:00:00+00:00,87,23,0.0,25.428571428571427
2020-06-13 10:00:00+00:00,88,18,-5.0,24.571428571428573
2020-06-14 10:00:00+00:00,89,17,-1.0,23.142857142857142
2020-06-15 10:00:00+00:00,90,23,6.0,23.285714285714285
2020-06-16 10:00:00+00:00,91,13,-10.0,21.428571428571427
2020-06-17 10:00:00+00:00,92,22,9.0,19.857142857142858
2020-06-18 10:00:00+00:00,93,9,-13.0,17.857142857142858
2020-06-19 10:00:00+00:00,94,20,11.0,17.428571428571427
2020-06-20 10:00:00+00:00,95,21,1.0,17.857142857142858
2020-06-21 10:00:00+00:00,96,13,-8.0,17.285714285714285
2020-06-22 10:00:00+00:00,97,16,3.0,16.285714285714285
2020-06-23 10:00:00+00:00,98,15,-1.0,16.571428571428573
2020-06-24 10:00:00+00:00,99,16,1.0,15.714285714285714
2020-06-25 10:00:00+00:00,100,11,-5.0,16.0
2020-06-26 10:00:00+00:00,101,14,3.0,15.142857142857142
2020-06-27 10:00:00+00:00,102,19,5.0,14.857142857142858
2020-06-28 10:00:00+00:00,103,6,-13.0,13.857142857142858
2020-06-29 10:00:00+00:00,104,15,9.0,13.714285714285714
2020-06-30 10:00:00+00:00,105,13,-2.0,13.428571428571429
2020-07-01 10:00:00+00:00,106,14,1.0,13.142857142857142
2020-07-02 10:00:00+00:00,107,7,-7.0,12.571428571428571
2020-07-03 10:00:00+00:00,108,17,10.0,13.0
2020-07-04 10:00:00+00:00,109,8,-9.0,11.428571428571429
2020-07-05 10:00:00+00:00,110,7,-1.0,11.571428571428571
2020-07-06 10:00:00+00:00,111,15,8.0,11.571428571428571
2020-07-07 10:00:00+00:00,112,11,-4.0,11.285714285714286
2020-07-08 10:00:00+00:00,113,6,-5.0,10.142857142857142
2020-07-09 10:00:00+00:00,114,11,5.0,10.714285714285714
2020-07-10 10:00:00+00:00,115,7,-4.0,9.285714285714286
2020-07-11 10:00:00+00:00,116,13,6.0,10.0
2020-07-12 10:00:00+00:00,117,7,-6.0,10.0
2020-07-13 10:00:00+00:00,118,6,-1.0,8.714285714285714
2020-07-14 10:00:00+00:00,119,2,-4.0,7.428571428571429
2020-07-15 10:00:00+00:00,120,11,9.0,8.142857142857142
2020-07-16 10:00:00+00:00,121,13,2.0,8.428571428571429
2020-07-17 10:00:00+00:00,122,8,-5.0,8.571428571428571
2020-07-18 10:00:00+00:00,123,10,2.0,8.142857142857142
2020-07-19 10:00:00+00:00,124,11,1.0,8.714285714285714
2020-07-20 10:00:00+00:00,125,7,-4.0,8.857142857142858
2020-07-21 10:00:00+00:00,126,10,3.0,10.0
2020-07-22 10:00:00+00:00,127,5,-5.0,9.142857142857142
2020-07-23 10:00:00+00:00,128,9,4.0,8.571428571428571
2020-07-24 10:00:00+00:00,129,11,2.0,9.0
2020-07-25 10:00:00+00:00,130,9,-2.0,8.857142857142858
2020-07-26 10:00:00+00:00,131,8,-1.0,8.428571428571429
2020-07-27 10:00:00+00:00,132,10,2.0,8.857142857142858
2020-07-28 10:00:00+00:00,133,12,2.0,9.142857142857142
2020-07-29 10:00:00+00:00,134,11,-1.0,10.0
2020-07-30 10:00:00+00:00,135,10,-1.0,10.142857142857142
2020-07-31 10:00:00+00:00,136,7,-3.0,9.571428571428571
2020-08-01 10:00:00+00:00,137,12,5.0,10.0
2020-08-02 10:00:00+00:00,138,8,-4.0,10.0
2020-08-03 10:00:00+00:00,139,10,2.0,10.0
2020-08-04 10:00:00+00:00,140,9,-1.0,9.571428571428571
2020-08-05 10:00:00+00:00,141,9,0.0,9.285714285714286
2020-08-06 10:00:00+00:00,142,10,1.0,9.285714285714286
2020-08-07 10:00:00+00:00,143,12,2.0,10.0
2020-08-08 10:00:00+00:00,144,8,-4.0,9.428571428571429
2020-08-09 10:00:00+00:00,145,5,-3.0,9.0
2020-08-10 10:00:00+00:00,146,12,7.0,9.285714285714286
2020-08-11 10:00:00+00:00,147,6,-6.0,8.857142857142858
2020-08-12 10:00:00+00:00,148,12,6.0,9.285714285714286
2020-08-13 10:00:00+00:00,149,9,-3.0,9.142857142857142
2020-08-14 10:00:00+00:00,150,6,-3.0,8.285714285714286
2020-08-15 10:00:00+00:00,151,8,2.0,8.285714285714286
2020-08-16 10:00:00+00:00,152,3,-5.0,8.0
2020-08-17 10:00:00+00:00,153,8,5.0,7.428571428571429
2020-08-18 10:00:00+00:00,154,8,0.0,7.714285714285714
2020-08-19 10:00:00+00:00,155,5,-3.0,6.714285714285714
2020-08-20 10:00:00+00:00,156,6,1.0,6.285714285714286
2020-08-21 10:00:00+00:00,157,13,7.0,7.285714285714286
2020-08-22 10:00:00+00:00,158,11,-2.0,7.714285714285714
2020-08-23 10:00:00+00:00,159,7,-4.0,8.285714285714286
2020-08-24 10:00:00+00:00,160,0,-7.0,7.142857142857143
2020-08-25 10:00:00+00:00,161,10,10.0,7.428571428571429
2020-08-26 10:00:00+00:00,162,9,-1.0,8.0
2020-08-27 10:00:00+00:00,163,11,2.0,8.714285714285714
2020-08-28 10:00:00+00:00,164,11,0.0,8.428571428571429
2020-08-29 10:00:00+00:00,165,6,-5.0,7.714285714285714
2020-08-30 10:00:00+00:00,166,8,2.0,7.857142857142857
2020-08-31 10:00:00+00:00,167,3,-5.0,8.285714285714286
2020-09-01 10:00:00+00:00,168,6,3.0,7.714285714285714
2020-09-02 10:00:00+00:00,169,8,2.0,7.571428571428571
2020-09-03 10:00:00+00:00,170,14,6.0,8.0
2020-09-04 10:00:00+00:00,171,5,-9.0,7.142857142857143
2020-09-05 10:00:00+00:00,172,7,2.0,7.285714285714286
2020-09-06 10:00:00+00:00,173,2,-5.0,6.428571428571429
2020-09-07 10:00:00+00:00,174,4,2.0,6.571428571428571
2020-09-08 10:00:00+00:00,175,2,-2.0,6.0
2020-09-09 10:00:00+00:00,176,8,6.0,6.0
2020-09-10 10:00:00+00:00,177,10,2.0,5.428571428571429
2020-09-11 10:00:00+00:00,178,4,-6.0,5.285714285714286
2020-09-12 10:00:00+00:00,179,4,0.0,4.857142857142857
2020-09-13 10:00:00+00:00,180,3,-1.0,5.0
2020-09-14 10:00:00+00:00,181,9,6.0,5.714285714285714
2020-09-15 10:00:00+00:00,182,9,0.0,6.714285714285714
2020-09-16 10:00:00+00:00,183,6,-3.0,6.428571428571429
2020-09-17 10:00:00+00:00,184,5,-1.0,5.714285714285714
2020-09-18 10:00:00+00:00,185,7,2.0,6.142857142857143
2020-09-19 10:00:00+00:00,186,6,-1.0,6.428571428571429
2020-09-20 10:00:00+00:00,187,7,1.0,7.0
2020-09-21 10:00:00+00:00,188,5,-2.0,6.428571428571429
2020-09-22 10:00:00+00:00,189,4,-1.0,5.714285714285714
2020-09-23 10:00:00+00:00,190,12,8.0,6.571428571428571
2020-09-24 10:00:00+00:00,191,3,-9.0,6.285714285714286
2020-09-25 10:00:00+00:00,192,8,5.0,6.428571428571429
2020-09-26 10:00:00+00:00,193,7,-1.0,6.571428571428571
2020-09-27 10:00:00+00:00,194,5,-2.0,6.285714285714286
2020-09-28 10:00:00+00:00,195,7,2.0,6.571428571428571
2020-09-29 10:00:00+00:00,196,3,-4.0,6.428571428571429
2020-09-30 10:00:00+00:00,197,2,-1.0,5.0
2020-10-01 10:00:00+00:00,198,8,6.0,5.714285714285714
2020-10-02 10:00:00+00:00,199,8,0.0,5.714285714285714
2020-10-03 10:00:00+00:00,200,3,-5.0,5.142857142857143
2020-10-04 10:00:00+00:00,201,6,3.0,5.285714285714286
2020-10-05 10:00:00+00:00,202,7,1.0,5.285714285714286
2020-10-06 10:00:00+00:00,203,7,0.0,5.857142857142857
2020-10-07 10:00:00+00:00,204,10,3.0,7.0
2020-10-08 10:00:00+00:00,205,6,-4.0,6.714285714285714
2020-10-09 10:00:00+00:00,206,8,2.0,6.714285714285714
2020-10-10 10:00:00+00:00,207,5,-3.0,7.0
2020-10-11 10:00:00+00:00,208,6,1.0,7.0
2020-10-12 10:00:00+00:00,209,3,-3.0,6.428571428571429
2020-10-13 10:00:00+00:00,210,10,7.0,6.857142857142857
2020-10-14 10:00:00+00:00,211,5,-5.0,6.142857142857143
2020-10-15 10:00:00+00:00,212,5,0.0,6.0
2020-10-16 10:00:00+00:00,213,7,2.0,5.857142857142857
2020-10-17 10:00:00+00:00,214,3,-4.0,5.571428571428571
2020-10-18 10:00:00+00:00,215,8,5.0,5.857142857142857
2020-10-19 10:00:00+00:00,216,6,-2.0,6.285714285714286
2020-10-20 10:00:00+00:00,217,12,6.0,6.571428571428571
2020-10-21 10:00:00+00:00,218,8,-4.0,7.0
2020-10-22 10:00:00+00:00,219,10,2.0,7.714285714285714
2020-10-23 10:00:00+00:00,220,7,-3.0,7.714285714285714
2020-10-24 10:00:00+00:00,221,6,-1.0,8.142857142857142
2020-10-25 10:00:00+00:00,222,6,0.0,7.857142857142857
2020-10-26 10:00:00+00:00,223,4,-2.0,7.571428571428571
2020-10-27 10:00:00+00:00,224,6,2.0,6.714285714285714
2020-10-28 10:00:00+00:00,225,12,6.0,7.285714285714286
2020-10-29 10:00:00+00:00,226,13,1.0,7.714285714285714
2020-10-30 10:00:00+00:00,227,10,-3.0,8.142857142857142
2020-10-31 10:00:00+00:00,228,8,-2.0,8.428571428571429
2020-11-01 10:00:00+00:00,229,5,-3.0,8.285714285714286
2020-11-02 10:00:00+00:00,230,6,1.0,8.571428571428571
2020-11-03 10:00:00+00:00,231,13,7.0,9.571428571428571
2020-11-04 10:00:00+00:00,232,11,-2.0,9.428571428571429
2020-11-05 10:00:00+00:00,233,14,3.0,9.571428571428571
2020-11-06 10:00:00+00:00,234,11,-3.0,9.714285714285714
2020-11-07 10:00:00+00:00,235,13,2.0,10.428571428571429
2020-11-08 10:00:00+00:00,236,8,-5.0,10.857142857142858
2020-11-09 10:00:00+00:00,237,12,4.0,11.714285714285714
2020-11-10 10:00:00+00:00,238,15,3.0,12.0
2020-11-11 10:00:00+00:00,239,11,-4.0,12.0
2020-11-12 10:00:00+00:00,240,18,7.0,12.571428571428571
2020-11-13 10:00:00+00:00,241,20,2.0,13.857142857142858
2020-11-14 10:00:00+00:00,242,12,-8.0,13.714285714285714
2020-11-15 10:00:00+00:00,243,16,4.0,14.857142857142858
2020-11-16 10:00:00+00:00,244,16,0.0,15.428571428571429
2020-11-17 10:00:00+00:00,245,19,3.0,16.0
2020-11-18 10:00:00+00:00,246,22,3.0,17.571428571428573
2020-11-19 10:00:00+00:00,247,16,-6.0,17.285714285714285
2020-11-20 10:00:00+00:00,248,19,3.0,17.142857142857142
2020-11-21 10:00:00+00:00,249,36,17.0,20.571428571428573
2020-11-22 10:00:00+00:00,250,19,-17.0,21.0
2020-11-23 10:00:00+00:00,251,32,13.0,23.285714285714285
2020-11-24 10:00:00+00:00,252,29,-3.0,24.714285714285715
2020-11-25 10:00:00+00:00,253,34,5.0,26.428571428571427
2020-11-26 10:00:00+00:00,254,31,-3.0,28.571428571428573
2020-11-27 10:00:00+00:00,255,35,4.0,30.857142857142858
2020-11-28 10:00:00+00:00,256,32,-3.0,30.285714285714285
2020-11-29 10:00:00+00:00,257,23,-9.0,30.857142857142858
2020-11-30 10:00:00+00:00,258,33,10.0,31.0
2020-12-01 10:00:00+00:00,259,42,9.0,32.857142857142854
2020-12-02 10:00:00+00:00,260,42,0.0,34.0
2020-12-03 10:00:00+00:00,261,29,-13.0,33.714285714285715
2020-12-04 10:00:00+00:00,262,35,6.0,33.714285714285715
2020-12-05 10:00:00+00:00,263,35,0.0,34.142857142857146
2020-12-06 10:00:00+00:00,264,40,5.0,36.57142857142857
2020-12-07 10:00:00+00:00,265,44,4.0,38.142857142857146
2020-12-08 10:00:00+00:00,266,47,3.0,38.857142857142854
2020-12-09 10:00:00+00:00,267,43,-4.0,39.0
2020-12-10 10:00:00+00:00,268,53,10.0,42.42857142857143
2020-12-11 10:00:00+00:00,269,50,-3.0,44.57142857142857
2020-12-12 10:00:00+00:00,270,50,0.0,46.714285714285715
2020-12-13 10:00:00+00:00,271,40,-10.0,46.714285714285715
2020-12-14 10:00:00+00:00,272,50,10.0,47.57142857142857
2020-12-15 10:00:00+00:00,273,48,-2.0,47.714285714285715
2020-12-16 10:00:00+00:00,274,54,6.0,49.285714285714285
2020-12-17 10:00:00+00:00,275,45,-9.0,48.142857142857146
2020-12-18 10:00:00+00:00,276,58,13.0,49.285714285714285
2020-12-19 10:00:00+00:00,277,51,-7.0,49.42857142857143
2020-12-20 10:00:00+00:00,278,30,-21.0,48.0
2020-12-21 10:00:00+00:00,279,50,20.0,48.0
2020-12-22 10:00:00+00:00,280,48,-2.0,48.0
2020-12-23 10:00:00+00:00,281,42,-6.0,46.285714285714285
2020-12-24 10:00:00+00:00,282,42,0.0,45.857142857142854
2020-12-25 10:00:00+00:00,283,34,-8.0,42.42857142857143
2020-12-26 10:00:00+00:00,284,52,18.0,42.57142857142857
2020-12-27 10:00:00+00:00,285,42,-10.0,44.285714285714285
2020-12-28 10:00:00+00:00,286,53,11.0,44.714285714285715
2020-12-29 10:00:00+00:00,287,51,-2.0,45.142857142857146
2020-12-30 10:00:00+00:00,288,49,-2.0,46.142857142857146
2020-12-31 10:00:00+00:00,289,44,-5.0,46.42857142857143
2021-01-01 10:00:00+00:00,290,42,-2.0,47.57142857142857
2021-01-02 10:00:00+00:00,291,44,2.0,46.42857142857143
2021-01-03 10:00:00+00:00,292,44,0.0,46.714285714285715
2021-01-04 10:00:00+00:00,293,37,-7.0,44.42857142857143
2021-01-05 10:00:00+00:00,294,44,7.0,43.42857142857143
2021-01-06 10:00:00+00:00,295,37,-7.0,41.714285714285715
2021-01-07 10:00:00+00:00,296,28,-9.0,39.42857142857143
2021-01-08 10:00:00+00:00,297,48,20.0,40.285714285714285
2021-01-09 10:00:00+00:00,298,44,-4.0,40.285714285714285
2021-01-10 10:00:00+00:00,299,36,-8.0,39.142857142857146
2021-01-11 10:00:00+00:00,300,47,11.0,40.57142857142857
2021-01-12 10:00:00+00:00,301,56,9.0,42.285714285714285
2021-01-13 10:00:00+00:00,302,35,-21.0,42.0
2021-01-14 10:00:00+00:00,303,51,16.0,45.285714285714285
2021-01-15 10:00:00+00:00,304,42,-9.0,44.42857142857143
2021-01-16 10:00:00+00:00,305,40,-2.0,43.857142857142854
2021-01-17 10:00:00+00:00,306,49,9.0,45.714285714285715
2021-01-18 10:00:00+00:00,307,53,4.0,46.57142857142857
2021-01-19 10:00:00+00:00,308,49,-4.0,45.57142857142857
2021-01-20 10:00:00+00:00,309,46,-3.0,47.142857142857146
2021-01-21 10:00:00+00:00,310,44,-2.0,46.142857142857146
2021-01-22 10:00:00+00:00,311,40,-4.0,45.857142857142854
2021-01-23 10:00:00+00:00,312,43,3.0,46.285714285714285
2021-01-24 10:00:00+00:00,313,53,10.0,46.857142857142854
2021-01-25 10:00:00+00:00,314,47,-6.0,46.0
2021-01-26 10:00:00+00:00,315,36,-11.0,44.142857142857146
2021-01-27 10:00:00+00:00,316,43,7.0,43.714285714285715
2021-01-28 10:00:00+00:00,317,34,-9.0,42.285714285714285
2021-01-29 10:00:00+00:00,318,31,-3.0,41.0
2021-01-30 10:00:00+00:00,319,36,5.0,40.0
2021-01-31 10:00:00+00:00,320,30,-6.0,36.714285714285715
2021-02-01 10:00:00+00:00,321,31,1.0,34.42857142857143
2021-02-02 10:00:00+00:00,322,18,-13.0,31.857142857142858
2021-02-03 10:00:00+00:00,323,53,35.0,33.285714285714285
2021-02-04 10:00:00+00:00,324,31,-22.0,32.857142857142854
2021-02-05 10:00:00+00:00,325,35,4.0,33.42857142857143
2021-02-06 10:00:00+00:00,326,23,-12.0,31.571428571428573
2021-02-07 10:00:00+00:00,327,37,14.0,32.57142857142857
2021-02-08 10:00:00+00:00,328,45,8.0,34.57142857142857
2021-02-09 10:00:00+00:00,329,35,-10.0,37.0
2021-02-10 10:00:00+00:00,330,33,-2.0,34.142857142857146
2021-02-11 10:00:00+00:00,331,27,-6.0,33.57142857142857
2021-02-12 10:00:00+00:00,332,29,2.0,32.714285714285715
2021-02-13 10:00:00+00:00,333,26,-3.0,33.142857142857146
2021-02-14 10:00:00+00:00,334,34,8.0,32.714285714285715
2021-02-15 10:00:00+00:00,335,22,-12.0,29.428571428571427
2021-02-16 10:00:00+00:00,336,27,5.0,28.285714285714285
2021-02-17 10:00:00+00:00,337,27,0.0,27.428571428571427
2021-02-18 10:00:00+00:00,338,23,-4.0,26.857142857142858
2021-02-19 10:00:00+00:00,339,28,5.0,26.714285714285715
2021-02-20 10:00:00+00:00,340,26,-2.0,26.714285714285715
2021-02-21 10:00:00+00:00,341,28,2.0,25.857142857142858
2021-02-22 10:00:00+00:00,342,27,-1.0,26.571428571428573
2021-02-23 10:00:00+00:00,343,13,-14.0,24.571428571428573
2021-02-24 10:00:00+00:00,344,22,9.0,23.857142857142858
2021-02-25 10:00:00+00:00,345,30,8.0,24.857142857142858
2021-02-26 10:00:00+00:00,346,15,-15.0,23.0
2021-02-27 10:00:00+00:00,347,14,-1.0,21.285714285714285
2021-02-28 10:00:00+00:00,348,15,1.0,19.428571428571427
2021-03-01 10:00:00+00:00,349,11,-4.0,17.142857142857142
2021-03-02 10:00:00+00:00,350,11,0.0,16.857142857142858
2021-03-03 10:00:00+00:00,351,12,1.0,15.428571428571429
2021-03-04 10:00:00+00:00,352,10,-2.0,12.571428571428571
2021-03-05 10:00:00+00:00,353,17,7.0,12.857142857142858
2021-03-06 10:00:00+00:00,354,17,0.0,13.285714285714286
2021-03-07 10:00:00+00:00,355,16,-1.0,13.428571428571429
2021-03-08 10:00:00+00:00,356,24,8.0,15.285714285714286
2021-03-09 10:00:00+00:00,357,15,-9.0,15.857142857142858
2021-03-10 10:00:00+00:00,358,19,4.0,16.857142857142858
2021-03-11 10:00:00+00:00,359,13,-6.0,17.285714285714285
2021-03-12 10:00:00+00:00,360,9,-4.0,16.142857142857142
2021-03-13 10:00:00+00:00,361,16,7.0,16.0
2021-03-14 10:00:00+00:00,362,12,-4.0,15.428571428571429
2021-03-15 10:00:00+00:00,363,17,5.0,14.428571428571429
2021-03-16 10:00:00+00:00,364,22,5.0,15.428571428571429
2021-03-17 10:00:00+00:00,365,15,-7.0,14.857142857142858
2021-03-18 10:00:00+00:00,366,12,-3.0,14.714285714285714
2021-03-19 10:00:00+00:00,367,19,7.0,16.142857142857142
2021-03-20 10:00:00+00:00,368,18,-1.0,16.428571428571427
2021-03-21 10:00:00+00:00,369,16,-2.0,17.0
2021-03-22 10:00:00+00:00,370,15,-1.0,16.714285714285715
2021-03-23 10:00:00+00:00,371,15,0.0,15.714285714285714
2021-03-24 10:00:00+00:00,372,12,-3.0,15.285714285714286
2021-03-25 10:00:00+00:00,373,8,-4.0,14.714285714285714
2021-03-26 10:00:00+00:00,374,16,8.0,14.285714285714286
2021-03-27 10:00:00+00:00,375,9,-7.0,13.0
2021-03-28 10:00:00+00:00,376,15,6.0,12.857142857142858
2021-03-29 10:00:00+00:00,377,9,-6.0,12.0
2021-03-30 10:00:00+00:00,378,17,8.0,12.285714285714286
2021-03-31 10:00:00+00:00,379,20,3.0,13.428571428571429
2021-04-01 10:00:00+00:00,380,18,-2.0,14.857142857142858
2021-04-02 10:00:00+00:00,381,16,-2.0,14.857142857142858
2021-04-03 10:00:00+00:00,382,15,-1.0,15.714285714285714
2021-04-04 10:00:00+00:00,383,15,0.0,15.714285714285714
2021-04-05 10:00:00+00:00,384,15,0.0,16.571428571428573
2021-04-06 10:00:00+00:00,385,16,1.0,16.428571428571427
2021-04-07 10:00:00+00:00,386,17,1.0,16.0
2021-04-08 10:00:00+00:00,387,20,3.0,16.285714285714285
2021-04-09 10:00:00+00:00,388,19,-1.0,16.714285714285715
2021-04-10 10:00:00+00:00,389,21,2.0,17.571428571428573
2021-04-11 10:00:00+00:00,390,23,2.0,18.714285714285715
2021-04-12 10:00:00+00:00,391,11,-12.0,18.142857142857142
2021-04-13 10:00:00+00:00,392,15,4.0,18.0
2021-04-14 10:00:00+00:00,393,20,5.0,18.428571428571427
2021-04-15 10:00:00+00:00,394,11,-9.0,17.142857142857142
2021-04-16 10:00:00+00:00,395,11,0.0,16.0
2021-04-17 10:00:00+00:00,396,16,5.0,15.285714285714286
2021-04-18 10:00:00+00:00,397,17,1.0,14.428571428571429
2021-04-19 10:00:00+00:00,398,20,3.0,15.714285714285714
2021-04-20 10:00:00+00:00,399,21,1.0,16.571428571428573
2021-04-21 10:00:00+00:00,400,20,-1.0,16.571428571428573
2021-04-22 10:00:00+00:00,401,11,-9.0,16.571428571428573
2021-04-23 10:00:00+00:00,402,18,7.0,17.571428571428573
2021-04-24 10:00:00+00:00,403,13,-5.0,17.142857142857142
2021-04-25 10:00:00+00:00,404,11,-2.0,16.285714285714285
2021-04-26 10:00:00+00:00,405,22,11.0,16.571428571428573
2021-04-27 10:00:00+00:00,406,9,-13.0,14.857142857142858
2021-04-28 10:00:00+00:00,407,17,8.0,14.428571428571429
2021-04-29 10:00:00+00:00,408,21,4.0,15.857142857142858
2021-04-30 10:00:00+00:00,409,16,-5.0,15.571428571428571
2021-05-01 10:00:00+00:00,410,13,-3.0,15.571428571428571
2021-05-02 10:00:00+00:00,411,20,7.0,16.857142857142858
2021-05-03 10:00:00+00:00,412,10,-10.0,15.142857142857142
2021-05-04 10:00:00+00:00,413,12,2.0,15.571428571428571
2021-05-05 10:00:00+00:00,414,10,-2.0,14.571428571428571
2021-05-06 10:00:00+00:00,415,10,0.0,13.0
2021-05-07 10:00:00+00:00,416,8,-2.0,11.857142857142858
2021-05-08 10:00:00+00:00,417,13,5.0,11.857142857142858
2021-05-09 10:00:00+00:00,418,14,1.0,11.0
2021-05-10 10:00:00+00:00,419,7,-7.0,10.571428571428571
2021-05-11 10:00:00+00:00,420,10,3.0,10.285714285714286
2021-05-12 10:00:00+00:00,421,19,9.0,11.571428571428571
2021-05-13 10:00:00+00:00,422,15,-4.0,12.285714285714286
2021-05-14 10:00:00+00:00,423,11,-4.0,12.714285714285714
2021-05-15 10:00:00+00:00,424,3,-8.0,11.285714285714286
2021-05-16 10:00:00+00:00,425,11,8.0,10.857142857142858
2021-05-17 10:00:00+00:00,426,13,2.0,11.714285714285714
2021-05-18 10:00:00+00:00,427,9,-4.0,11.571428571428571
2021-05-19 10:00:00+00:00,428,11,2.0,10.428571428571429
2021-05-20 10:00:00+00:00,429,17,6.0,10.714285714285714
2021-05-21 10:00:00+00:00,430,7,-10.0,10.142857142857142
2021-05-22 10:00:00+00:00,431,9,2.0,11.0
2021-05-23 10:00:00+00:00,432,3,-6.0,9.857142857142858
2021-05-24 10:00:00+00:00,433,11,8.0,9.571428571428571
2021-05-25 10:00:00+00:00,434,8,-3.0,9.428571428571429
2021-05-26 10:00:00+00:00,435,9,1.0,9.142857142857142
2021-05-27 10:00:00+00:00,436,10,1.0,8.142857142857142
2021-05-28 10:00:00+00:00,437,6,-4.0,8.0
2021-05-29 10:00:00+00:00,438,10,4.0,8.142857142857142
2021-05-30 10:00:00+00:00,439,5,-5.0,8.428571428571429
2021-05-31 10:00:00+00:00,440,3,-2.0,7.285714285714286
2021-06-01 10:00:00+00:00,441,4,1.0,6.714285714285714
2021-06-02 10:00:00+00:00,442,2,-2.0,5.714285714285714
2021-06-03 10:00:00+00:00,443,6,4.0,5.142857142857143
2021-06-04 10:00:00+00:00,444,5,-1.0,5.0
2021-06-05 10:00:00+00:00,445,6,1.0,4.428571428571429
2021-06-06 10:00:00+00:00,446,4,-2.0,4.285714285714286
2021-06-07 10:00:00+00:00,447,2,-2.0,4.142857142857143
2021-06-08 10:00:00+00:00,448,6,4.0,4.428571428571429
2021-06-09 10:00:00+00:00,449,5,-1.0,4.857142857142857
2021-06-10 10:00:00+00:00,450,6,1.0,4.857142857142857
2021-06-11 10:00:00+00:00,451,3,-3.0,4.571428571428571
2021-06-12 10:00:00+00:00,452,2,-1.0,4.0
2021-06-13 10:00:00+00:00,453,2,0.0,3.7142857142857144
2021-06-14 10:00:00+00:00,454,5,3.0,4.142857142857143
2021-06-15 10:00:00+00:00,455,3,-2.0,3.7142857142857144
2021-06-16 10:00:00+00:00,456,3,0.0,3.4285714285714284
2021-06-17 10:00:00+00:00,457,5,2.0,3.2857142857142856
2021-06-18 10:00:00+00:00,458,4,-1.0,3.4285714285714284
2021-06-19 10:00:00+00:00,459,2,-2.0,3.4285714285714284
2021-06-20 10:00:00+00:00,460,4,2.0,3.7142857142857144
2021-06-21 10:00:00+00:00,461,6,2.0,3.857142857142857
2021-06-22 10:00:00+00:00,462,2,-4.0,3.7142857142857144
2021-06-23 10:00:00+00:00,463,2,0.0,3.5714285714285716
2021-06-24 10:00:00+00:00,464,2,0.0,3.142857142857143
2021-06-25 10:00:00+00:00,465,4,2.0,3.142857142857143
2021-06-26 10:00:00+00:00,466,3,-1.0,3.2857142857142856
2021-06-27 10:00:00+00:00,467,1,-2.0,2.857142857142857
2021-06-28 10:00:00+00:00,468,1,0.0,2.142857142857143
2021-06-29 10:00:00+00:00,469,0,-1.0,1.8571428571428572
2021-06-30 10:00:00+00:00,470,4,4.0,2.142857142857143
2021-07-01 10:00:00+00:00,471,5,1.0,2.5714285714285716
2021-07-02 10:00:00+00:00,472,2,-3.0,2.2857142857142856
2021-07-03 10:00:00+00:00,473,2,0.0,2.142857142857143
2021-07-04 10:00:00+00:00,474,1,-1.0,2.142857142857143
2021-07-05 10:00:00+00:00,475,1,0.0,2.142857142857143
2021-07-06 10:00:00+00:00,476,1,0.0,2.2857142857142856
2021-07-07 10:00:00+00:00,477,2,1.0,2.0
2021-07-08 10:00:00+00:00,478,2,0.0,1.5714285714285714
2021-07-09 10:00:00+00:00,479,0,-2.0,1.2857142857142858
2021-07-10 10:00:00+00:00,480,1,1.0,1.1428571428571428
2021-07-11 10:00:00+00:00,481,0,-1.0,1.0
2021-07-12 10:00:00+00:00,482,3,3.0,1.2857142857142858
2021-07-13 10:00:00+00:00,483,4,1.0,1.7142857142857142
2021-07-14 10:00:00+00:00,484,1,-3.0,1.5714285714285714
2021-07-15 10:00:00+00:00,485,3,2.0,1.7142857142857142
2021-07-16 10:00:00+00:00,486,3,0.0,2.142857142857143
2021-07-17 10:00:00+00:00,487,2,-1.0,2.2857142857142856
2021-07-18 10:00:00+00:00,488,3,1.0,2.7142857142857144
2021-07-19 10:00:00+00:00,489,2,-1.0,2.5714285714285716
2021-07-20 10:00:00+00:00,490,3,1.0,2.4285714285714284
2021-07-21 10:00:00+00:00,491,1,-2.0,2.4285714285714284
2021-07-22 10:00:00+00:00,492,3,2.0,2.4285714285714284
2021-07-23 10:00:00+00:00,493,1,-2.0,2.142857142857143
2021-07-24 10:00:00+00:00,494,3,2.0,2.2857142857142856
2021-07-25 10:00:00+00:00,495,0,-3.0,1.8571428571428572
2021-07-26 10:00:00+00:00,496,1,1.0,1.7142857142857142
2021-07-27 10:00:00+00:00,497,2,1.0,1.5714285714285714
2021-07-28 10:00:00+00:00,498,5,3.0,2.142857142857143
2021-07-29 10:00:00+00:00,499,2,-3.0,2.0
2021-07-30 10:00:00+00:00,500,4,2.0,2.4285714285714284
2021-07-31 10:00:00+00:00,501,5,1.0,2.7142857142857144
2021-08-01 10:00:00+00:00,502,1,-4.0,2.857142857142857
2021-08-02 10:00:00+00:00,503,5,4.0,3.4285714285714284
2021-08-03 10:00:00+00:00,504,3,-2.0,3.5714285714285716
2021-08-04 10:00:00+00:00,505,4,1.0,3.4285714285714284
2021-08-05 10:00:00+00:00,506,4,0.0,3.7142857142857144
2021-08-06 10:00:00+00:00,507,4,0.0,3.7142857142857144
2021-08-07 10:00:00+00:00,508,5,1.0,3.7142857142857144
2021-08-08 10:00:00+00:00,509,8,3.0,4.714285714285714
2021-08-09 10:00:00+00:00,510,1,-7.0,4.142857142857143
2021-08-10 10:00:00+00:00,511,3,2.0,4.142857142857143
2021-08-11 10:00:00+00:00,512,5,2.0,4.285714285714286
2021-08-12 10:00:00+00:00,513,4,-1.0,4.285714285714286
2021-08-13 10:00:00+00:00,514,6,2.0,4.571428571428571
2021-08-14 10:00:00+00:00,515,3,-3.0,4.285714285714286
2021-08-15 10:00:00+00:00,516,7,4.0,4.142857142857143
2021-08-16 10:00:00+00:00,517,6,-1.0,4.857142857142857
2021-08-17 10:00:00+00:00,518,6,0.0,5.285714285714286
2021-08-18 10:00:00+00:00,519,9,3.0,5.857142857142857
2021-08-19 10:00:00+00:00,520,10,1.0,6.714285714285714
2021-08-20 10:00:00+00:00,521,8,-2.0,7.0
2021-08-21 10:00:00+00:00,522,7,-1.0,7.571428571428571
2021-08-22 10:00:00+00:00,523,4,-3.0,7.142857142857143
2021-08-23 10:00:00+00:00,524,8,4.0,7.428571428571429
2021-08-24 10:00:00+00:00,525,9,1.0,7.857142857142857
2021-08-25 10:00:00+00:00,526,2,-7.0,6.857142857142857
2021-08-26 10:00:00+00:00,527,13,11.0,7.285714285714286
2021-08-27 10:00:00+00:00,528,15,2.0,8.285714285714286
2021-08-28 10:00:00+00:00,529,8,-7.0,8.428571428571429
2021-08-29 10:00:00+00:00,530,7,-1.0,8.857142857142858
2021-08-30 10:00:00+00:00,531,13,6.0,9.571428571428571
2021-08-31 10:00:00+00:00,532,13,0.0,10.142857142857142
2021-09-01 10:00:00+00:00,533,10,-3.0,11.285714285714286
2021-09-02 10:00:00+00:00,534,16,6.0,11.714285714285714
2021-09-03 10:00:00+00:00,535,14,-2.0,11.571428571428571
2021-09-04 10:00:00+00:00,536,10,-4.0,11.857142857142858
2021-09-05 10:00:00+00:00,537,17,7.0,13.285714285714286
2021-09-06 10:00:00+00:00,538,14,-3.0,13.428571428571429
2021-09-07 10:00:00+00:00,539,11,-3.0,13.142857142857142
2021-09-08 10:00:00+00:00,540,11,0.0,13.285714285714286
2021-09-09 10:00:00+00:00,541,18,7.0,13.571428571428571
2021-09-10 10:00:00+00:00,542,14,-4.0,13.571428571428571
2021-09-11 10:00:00+00:00,543,18,4.0,14.714285714285714
2021-09-12 10:00:00+00:00,544,16,-2.0,14.571428571428571
2021-09-13 10:00:00+00:00,545,12,-4.0,14.285714285714286
2021-09-14 10:00:00+00:00,546,15,3.0,14.857142857142858
2021-09-15 10:00:00+00:00,547,15,0.0,15.428571428571429
2021-09-16 10:00:00+00:00,548,11,-4.0,14.428571428571429
2021-09-17 10:00:00+00:00,549,17,6.0,14.857142857142858
2021-09-18 10:00:00+00:00,550,14,-3.0,14.285714285714286
2021-09-19 10:00:00+00:00,551,18,4.0,14.571428571428571
2021-09-20 10:00:00+00:00,552,22,4.0,16.0
2021-09-21 10:00:00+00:00,553,18,-4.0,16.428571428571427
2021-09-22 10:00:00+00:00,554,14,-4.0,16.285714285714285
2021-09-23 10:00:00+00:00,555,9,-5.0,16.0
2021-09-24 10:00:00+00:00,556,14,5.0,15.571428571428571
2021-09-25 10:00:00+00:00,557,20,6.0,16.428571428571427
2021-09-26 10:00:00+00:00,558,8,-12.0,15.0
2021-09-27 10:00:00+00:00,559,9,1.0,13.142857142857142
2021-09-28 10:00:00+00:00,560,9,0.0,11.857142857142858
2021-09-29 10:00:00+00:00,561,11,2.0,11.428571428571429
2021-09-30 10:00:00+00:00,562,19,8.0,12.857142857142858
2021-10-01 10:00:00+00:00,563,15,-4.0,13.0
2021-10-02 10:00:00+00:00,564,12,-3.0,11.857142857142858
2021-10-03 10:00:00+00:00,565,13,1.0,12.571428571428571
2021-10-04 10:00:00+00:00,566,19,6.0,14.0
2021-10-05 10:00:00+00:00,567,19,0.0,15.428571428571429
2021-10-06 10:00:00+00:00,568,15,-4.0,16.0
2021-10-07 10:00:00+00:00,569,17,2.0,15.714285714285714
2021-10-08 10:00:00+00:00,570,19,2.0,16.285714285714285
2021-10-09 10:00:00+00:00,571,12,-7.0,16.285714285714285
2021-10-10 10:00:00+00:00,572,22,10.0,17.571428571428573
2021-10-11 10:00:00+00:00,573,16,-6.0,17.142857142857142
2021-10-12 10:00:00+00:00,574,16,0.0,16.714285714285715
2021-10-13 10:00:00+00:00,575,16,0.0,16.857142857142858
2021-10-14 10:00:00+00:00,576,14,-2.0,16.428571428571427
2021-10-15 10:00:00+00:00,577,15,1.0,15.857142857142858
2021-10-16 10:00:00+00:00,578,12,-3.0,15.857142857142858
2021-10-17 10:00:00+00:00,579,12,0.0,14.428571428571429
2021-10-18 10:00:00+00:00,580,15,3.0,14.285714285714286
2021-10-19 10:00:00+00:00,581,19,4.0,14.714285714285714
2021-10-20 10:00:00+00:00,582,11,-8.0,14.0
2021-10-21 10:00:00+00:00,583,17,6.0,14.428571428571429
2021-10-22 10:00:00+00:00,584,8,-9.0,13.428571428571429
2021-10-23 10:00:00+00:00,585,11,3.0,13.285714285714286
2021-10-24 10:00:00+00:00,586,7,-4.0,12.571428571428571
2021-10-25 10:00:00+00:00,587,18,11.0,13.0
2021-10-26 10:00:00+00:00,588,12,-6.0,12.0
2021-10-27 10:00:00+00:00,589,18,6.0,13.0
2021-10-28 10:00:00+00:00,590,10,-8.0,12.0
2021-10-29 10:00:00+00:00,591,16,6.0,13.142857142857142
2021-10-30 10:00:00+00:00,592,10,-6.0,13.0
2021-10-31 10:00:00+00:00,593,13,3.0,13.857142857142858
2021-11-01 10:00:00+00:00,594,13,0.0,13.142857142857142
2021-11-02 10:00:00+00:00,595,10,-3.0,12.857142857142858
2021-11-03 10:00:00+00:00,596,12,2.0,12.0
2021-11-04 10:00:00+00:00,597,13,1.0,12.428571428571429
2021-11-05 10:00:00+00:00,598,7,-6.0,11.142857142857142
2021-11-06 10:00:00+00:00,599,19,12.0,12.428571428571429
2021-11-07 10:00:00+00:00,600,10,-9.0,12.0
2021-11-08 10:00:00+00:00,601,13,3.0,12.0
2021-11-09 10:00:00+00:00,602,3,-10.0,11.0
2021-11-10 10:00:00+00:00,603,4,1.0,9.857142857142858
2021-11-11 10:00:00+00:00,604,13,9.0,9.857142857142858
2021-11-12 10:00:00+00:00,605,19,6.0,11.571428571428571
2021-11-13 10:00:00+00:00,606,7,-12.0,9.857142857142858
2021-11-14 10:00:00+00:00,607,8,1.0,9.571428571428571
2021-11-15 10:00:00+00:00,608,10,2.0,9.142857142857142
2021-11-16 10:00:00+00:00,609,12,2.0,10.428571428571429
2021-11-17 10:00:00+00:00,610,8,-4.0,11.0
2021-11-18 10:00:00+00:00,611,12,4.0,10.857142857142858
2021-11-19 10:00:00+00:00,612,6,-6.0,9.0
2021-11-20 10:00:00+00:00,613,5,-1.0,8.714285714285714
2021-11-21 10:00:00+00:00,614,9,4.0,8.857142857142858
2021-11-22 10:00:00+00:00,615,10,1.0,8.857142857142858
2021-11-23 10:00:00+00:00,616,9,-1.0,8.428571428571429
2021-11-24 10:00:00+00:00,617,9,0.0,8.571428571428571
2021-11-25 10:00:00+00:00,618,11,2.0,8.428571428571429
2021-11-26 10:00:00+00:00,619,7,-4.0,8.571428571428571
2021-11-27 10:00:00+00:00,620,12,5.0,9.571428571428571
2021-11-28 10:00:00+00:00,621,12,0.0,10.0
2021-11-29 10:00:00+00:00,622,7,-5.0,9.571428571428571
2021-11-30 10:00:00+00:00,623,12,5.0,10.0
2021-12-01 10:00:00+00:00,624,7,-5.0,9.714285714285714
2021-12-02 10:00:00+00:00,625,8,1.0,9.285714285714286
2021-12-03 10:00:00+00:00,626,13,5.0,10.142857142857142
2021-12-04 10:00:00+00:00,627,17,4.0,10.857142857142858
2021-12-05 10:00:00+00:00,628,12,-5.0,10.857142857142858
2021-12-06 10:00:00+00:00,629,13,1.0,11.714285714285714
2021-12-07 10:00:00+00:00,630,10,-3.0,11.428571428571429
2021-12-08 10:00:00+00:00,631,19,9.0,13.142857142857142
2021-12-09 10:00:00+00:00,632,29,10.0,16.142857142857142
2021-12-10 10:00:00+00:00,633,14,-15.0,16.285714285714285
2021-12-11 10:00:00+00:00,634,10,-4.0,15.285714285714286
2021-12-12 10:00:00+00:00,635,12,2.0,15.285714285714286
2021-12-13 10:00:00+00:00,636,31,19.0,17.857142857142858
2021-12-14 10:00:00+00:00,637,27,-4.0,20.285714285714285
2021-12-15 10:00:00+00:00,638,17,-10.0,20.0
2021-12-16 10:00:00+00:00,639,17,0.0,18.285714285714285
2021-12-17 10:00:00+00:00,640,30,13.0,20.571428571428573
2021-12-18 10:00:00+00:00,641,24,-6.0,22.571428571428573
2021-12-19 10:00:00+00:00,642,21,-3.0,23.857142857142858
2021-12-20 10:00:00+00:00,643,23,2.0,22.714285714285715
2021-12-21 10:00:00+00:00,644,25,2.0,22.428571428571427
2021-12-22 10:00:00+00:00,645,30,5.0,24.285714285714285
2021-12-23 10:00:00+00:00,646,29,-1.0,26.0
2021-12-24 10:00:00+00:00,647,25,-4.0,25.285714285714285
2021-12-25 10:00:00+00:00,648,31,6.0,26.285714285714285
2021-12-26 10:00:00+00:00,649,27,-4.0,27.142857142857142
2021-12-27 10:00:00+00:00,650,31,4.0,28.285714285714285
2021-12-28 10:00:00+00:00,651,39,8.0,30.285714285714285
2021-12-29 10:00:00+00:00,652,33,-6.0,30.714285714285715
2021-12-30 10:00:00+00:00,653,36,3.0,31.714285714285715
2021-12-31 10:00:00+00:00,654,37,1.0,33.42857142857143
2022-01-01 10:00:00+00:00,655,49,12.0,36.0
2022-01-02 10:00:00+00:00,656,28,-21.0,36.142857142857146
2022-01-03 10:00:00+00:00,657,45,17.0,38.142857142857146
2022-01-04 10:00:00+00:00,658,54,9.0,40.285714285714285
2022-01-05 10:00:00+00:00,659,56,2.0,43.57142857142857
2022-01-06 10:00:00+00:00,660,60,4.0,47.0
2022-01-07 10:00:00+00:00,661,59,-1.0,50.142857142857146
2022-01-08 10:00:00+00:00,662,56,-3.0,51.142857142857146
2022-01-09 10:00:00+00:00,663,67,11.0,56.714285714285715
2022-01-10 10:00:00+00:00,664,47,-20.0,57.0
2022-01-11 10:00:00+00:00,665,71,24.0,59.42857142857143
2022-01-12 10:00:00+00:00,666,64,-7.0,60.57142857142857
2022-01-13 10:00:00+00:00,667,64,0.0,61.142857142857146
2022-01-14 10:00:00+00:00,668,66,2.0,62.142857142857146
2022-01-15 10:00:00+00:00,669,69,3.0,64.0
2022-01-16 10:00:00+00:00,670,64,-5.0,63.57142857142857
2022-01-17 10:00:00+00:00,671,60,-4.0,65.42857142857143
2022-01-18 10:00:00+00:00,672,80,20.0,66.71428571428571
2022-01-19 10:00:00+00:00,673,71,-9.0,67.71428571428571
2022-01-20 10:00:00+00:00,674,48,-23.0,65.42857142857143
2022-01-21 10:00:00+00:00,675,70,22.0,66.0
2022-01-22 10:00:00+00:00,676,57,-13.0,64.28571428571429
2022-01-23 10:00:00+00:00,677,46,-11.0,61.714285714285715
2022-01-24 10:00:00+00:00,678,55,9.0,61.0
2022-01-25 10:00:00+00:00,679,45,-10.0,56.0
2022-01-26 10:00:00+00:00,680,48,3.0,52.714285714285715
2022-01-27 10:00:00+00:00,681,48,0.0,52.714285714285715
2022-01-28 10:00:00+00:00,682,39,-9.0,48.285714285714285
2022-01-29 10:00:00+00:00,683,41,2.0,46.0
2022-01-30 10:00:00+00:00,684,33,-8.0,44.142857142857146
2022-01-31 10:00:00+00:00,685,41,8.0,42.142857142857146
2022-02-01 10:00:00+00:00,686,31,-10.0,40.142857142857146
2022-02-02 10:00:00+00:00,687,43,12.0,39.42857142857143
2022-02-03 10:00:00+00:00,688,29,-14.0,36.714285714285715
2022-02-04 10:00:00+00:00,689,44,15.0,37.42857142857143
2022-02-05 10:00:00+00:00,690,31,-13.0,36.0
2022-02-06 10:00:00+00:00,691,31,0.0,35.714285714285715
2022-02-07 10:00:00+00:00,692,23,-8.0,33.142857142857146
2022-02-08 10:00:00+00:00,693,27,4.0,32.57142857142857
2022-02-09 10:00:00+00:00,694,22,-5.0,29.571428571428573
2022-02-10 10:00:00+00:00,695,17,-5.0,27.857142857142858
2022-02-11 10:00:00+00:00,696,16,-1.0,23.857142857142858
2022-02-12 10:00:00+00:00,697,18,2.0,22.0
2022-02-13 10:00:00+00:00,698,12,-6.0,19.285714285714285
2022-02-14 10:00:00+00:00,699,17,5.0,18.428571428571427
2022-02-15 10:00:00+00:00,700,15,-2.0,16.714285714285715
2022-02-16 10:00:00+00:00,701,13,-2.0,15.428571428571429
2022-02-17 10:00:00+00:00,702,6,-7.0,13.857142857142858
2022-02-18 10:00:00+00:00,703,17,11.0,14.0
2022-02-19 10:00:00+00:00,704,13,-4.0,13.285714285714286
2022-02-20 10:00:00+00:00,705,15,2.0,13.714285714285714
2022-02-21 10:00:00+00:00,706,17,2.0,13.714285714285714
2022-02-22 10:00:00+00:00,707,15,-2.0,13.714285714285714
2022-02-23 10:00:00+00:00,708,6,-9.0,12.714285714285714
2022-02-24 10:00:00+00:00,709,21,15.0,14.857142857142858
2022-02-25 10:00:00+00:00,710,12,-9.0,14.142857142857142
2022-02-26 10:00:00+00:00,711,10,-2.0,13.714285714285714
2022-02-27 10:00:00+00:00,712,9,-1.0,12.857142857142858
2022-02-28 10:00:00+00:00,713,5,-4.0,11.142857142857142
2022-03-01 10:00:00+00:00,714,12,7.0,10.714285714285714
2022-03-02 10:00:00+00:00,715,10,-2.0,11.285714285714286
2022-03-03 10:00:00+00:00,716,10,0.0,9.714285714285714
2022-03-04 10:00:00+00:00,717,10,0.0,9.428571428571429
2022-03-05 10:00:00+00:00,718,3,-7.0,8.428571428571429
2022-03-06 10:00:00+00:00,719,8,5.0,8.285714285714286
2022-03-07 10:00:00+00:00,720,8,0.0,8.714285714285714
2022-03-08 10:00:00+00:00,721,11,3.0,8.571428571428571
2022-03-09 10:00:00+00:00,722,7,-4.0,8.142857142857142
2022-03-10 10:00:00+00:00,723,4,-3.0,7.285714285714286
2022-03-11 10:00:00+00:00,724,11,7.0,7.428571428571429
2022-03-12 10:00:00+00:00,725,9,-2.0,8.285714285714286
2022-03-13 10:00:00+00:00,726,4,-5.0,7.714285714285714
2022-03-14 10:00:00+00:00,727,9,5.0,7.857142857142857
2022-03-15 10:00:00+00:00,728,4,-5.0,6.857142857142857
2022-03-16 10:00:00+00:00,729,6,2.0,6.714285714285714
2022-03-17 10:00:00+00:00,730,1,-5.0,6.285714285714286
2022-03-18 10:00:00+00:00,731,3,2.0,5.142857142857143
2022-03-19 10:00:00+00:00,732,5,2.0,4.571428571428571
2022-03-20 10:00:00+00:00,733,4,-1.0,4.571428571428571
2022-03-21 10:00:00+00:00,734,5,1.0,4.0
2022-03-22 10:00:00+00:00,735,5,0.0,4.142857142857143
2022-03-23 10:00:00+00:00,736,6,1.0,4.142857142857143
2022-03-24 10:00:00+00:00,737,5,-1.0,4.714285714285714
2022-03-25 10:00:00+00:00,738,5,0.0,5.0
2022-03-26 10:00:00+00:00,739,3,-2.0,4.714285714285714
2022-03-27 10:00:00+00:00,740,4,1.0,4.714285714285714
2022-03-28 10:00:00+00:00,741,2,-2.0,4.285714285714286
2022-03-29 10:00:00+00:00,742,5,3.0,4.285714285714286
2022-03-30 10:00:00+00:00,743,1,-4.0,3.5714285714285716
2022-03-31 10:00:00+00:00,744,5,4.0,3.5714285714285716
2022-04-01 10:00:00+00:00,745,2,-3.0,3.142857142857143
2022-04-02 10:00:00+00:00,746,3,1.0,3.142857142857143
2022-04-03 10:00:00+00:00,747,1,-2.0,2.7142857142857144
2022-04-04 10:00:00+00:00,748,2,1.0,2.7142857142857144
2022-04-05 10:00:00+00:00,749,2,0.0,2.2857142857142856
2022-04-06 10:00:00+00:00,750,8,6.0,3.2857142857142856
2022-04-07 10:00:00+00:00,751,5,-3.0,3.2857142857142856
2022-04-08 10:00:00+00:00,752,4,-1.0,3.5714285714285716
2022-04-09 10:00:00+00:00,753,0,-4.0,3.142857142857143
2022-04-10 10:00:00+00:00,754,3,3.0,3.4285714285714284
2022-04-11 10:00:00+00:00,755,1,-2.0,3.2857142857142856
2022-04-12 10:00:00+00:00,756,2,1.0,3.2857142857142856
2022-04-13 10:00:00+00:00,757,6,4.0,3.0
2022-04-14 10:00:00+00:00,758,1,-5.0,2.4285714285714284
2022-04-15 10:00:00+00:00,759,4,3.0,2.4285714285714284
2022-04-16 10:00:00+00:00,760,2,-2.0,2.7142857142857144
2022-04-17 10:00:00+00:00,761,4,2.0,2.857142857142857
2022-04-18 10:00:00+00:00,762,3,-1.0,3.142857142857143
2022-04-19 10:00:00+00:00,763,3,0.0,3.2857142857142856
2022-04-20 10:00:00+00:00,764,4,1.0,3.0
2022-04-21 10:00:00+00:00,765,4,0.0,3.4285714285714284
2022-04-22 10:00:00+00:00,766,4,0.0,3.4285714285714284
2022-04-23 10:00:00+00:00,767,5,1.0,3.857142857142857
2022-04-24 10:00:00+00:00,768,0,-5.0,3.2857142857142856
2022-04-25 10:00:00+00:00,769,9,9.0,4.142857142857143
2022-04-26 10:00:00+00:00,770,4,-5.0,4.285714285714286
2022-04-27 10:00:00+00:00,771,5,1.0,4.428571428571429
2022-04-28 10:00:00+00:00,772,4,-1.0,4.428571428571429
2022-04-29 10:00:00+00:00,773,2,-2.0,4.142857142857143
2022-04-30 10:00:00+00:00,774,4,2.0,4.0
2022-05-01 10:00:00+00:00,775,3,-1.0,4.428571428571429
2022-05-02 10:00:00+00:00,776,4,1.0,3.7142857142857144
2022-05-03 10:00:00+00:00,777,5,1.0,3.857142857142857
2022-05-04 10:00:00+00:00,778,5,0.0,3.857142857142857
2022-05-05 10:00:00+00:00,779,4,-1.0,3.857142857142857
2022-05-06 10:00:00+00:00,780,4,0.0,4.142857142857143
2022-05-07 10:00:00+00:00,781,3,-1.0,4.0
2022-05-08 10:00:00+00:00,782,5,2.0,4.285714285714286
2022-05-09 10:00:00+00:00,783,7,2.0,4.714285714285714
2022-05-10 10:00:00+00:00,784,4,-3.0,4.571428571428571
2022-05-11 10:00:00+00:00,785,3,-1.0,4.285714285714286
2022-05-12 10:00:00+00:00,786,2,-1.0,4.0
2022-05-13 10:00:00+00:00,787,6,4.0,4.285714285714286
2022-05-14 10:00:00+00:00,788,2,-4.0,4.142857142857143
2022-05-15 10:00:00+00:00,789,6,4.0,4.285714285714286
2022-05-16 10:00:00+00:00,790,4,-2.0,3.857142857142857
2022-05-17 10:00:00+00:00,791,8,4.0,4.428571428571429
2022-05-18 10:00:00+00:00,792,1,-7.0,4.142857142857143
2022-05-19 10:00:00+00:00,793,3,2.0,4.285714285714286
2022-05-20 10:00:00+00:00,794,7,4.0,4.428571428571429
2022-05-21 10:00:00+00:00,795,6,-1.0,5.0
2022-05-22 10:00:00+00:00,796,4,-2.0,4.714285714285714
2022-05-23 10:00:00+00:00,797,5,1.0,4.857142857142857
2022-05-24 10:00:00+00:00,798,7,2.0,4.714285714285714
2022-05-25 10:00:00+00:00,799,7,0.0,5.571428571428571
2022-05-26 10:00:00+00:00,800,3,-4.0,5.571428571428571
2022-05-27 10:00:00+00:00,801,6,3.0,5.428571428571429
2022-05-28 10:00:00+00:00,802,2,-4.0,4.857142857142857
2022-05-29 10:00:00+00:00,803,4,2.0,4.857142857142857
2022-05-30 10:00:00+00:00,804,5,1.0,4.857142857142857
2022-05-31 10:00:00+00:00,805,7,2.0,4.857142857142857
2022-06-01 10:00:00+00:00,806,7,0.0,4.857142857142857
2022-06-02 10:00:00+00:00,807,8,1.0,5.571428571428571
2022-06-03 10:00:00+00:00,808,11,3.0,6.285714285714286
2022-06-04 10:00:00+00:00,809,2,-9.0,6.285714285714286
2022-06-05 10:00:00+00:00,810,7,5.0,6.714285714285714
2022-06-06 10:00:00+00:00,811,3,-4.0,6.428571428571429
2022-06-07 10:00:00+00:00,812,3,0.0,5.857142857142857
2022-06-08 10:00:00+00:00,813,7,4.0,5.857142857142857
2022-06-09 10:00:00+00:00,814,7,0.0,5.714285714285714
2022-06-10 10:00:00+00:00,815,7,0.0,5.142857142857143
2022-06-11 10:00:00+00:00,816,9,2.0,6.142857142857143
2022-06-12 10:00:00+00:00,817,4,-5.0,5.714285714285714
2022-06-13 10:00:00+00:00,818,6,2.0,6.142857142857143
2022-06-14 10:00:00+00:00,819,8,2.0,6.857142857142857
2022-06-15 10:00:00+00:00,820,5,-3.0,6.571428571428571
2022-06-16 10:00:00+00:00,821,7,2.0,6.571428571428571
2022-06-17 10:00:00+00:00,822,6,-1.0,6.428571428571429
2022-06-18 10:00:00+00:00,823,3,-3.0,5.571428571428571
2022-06-19 10:00:00+00:00,824,8,5.0,6.142857142857143
2022-06-20 10:00:00+00:00,825,4,-4.0,5.857142857142857
2022-06-21 10:00:00+00:00,826,6,2.0,5.571428571428571
2022-06-22 10:00:00+00:00,827,6,0.0,5.714285714285714
2022-06-23 10:00:00+00:00,828,6,0.0,5.571428571428571
2022-06-24 10:00:00+00:00,829,7,1.0,5.714285714285714
2022-06-25 10:00:00+00:00,830,6,-1.0,6.142857142857143
2022-06-26 10:00:00+00:00,831,7,1.0,6.0
2022-06-27 10:00:00+00:00,832,2,-5.0,5.714285714285714
2022-06-28 10:00:00+00:00,833,5,3.0,5.571428571428571
2022-06-29 10:00:00+00:00,834,8,3.0,5.857142857142857
2022-06-30 10:00:00+00:00,835,5,-3.0,5.714285714285714
2022-07-01 10:00:00+00:00,836,6,1.0,5.571428571428571
2022-07-02 10:00:00+00:00,837,9,3.0,6.0
2022-07-03 10:00:00+00:00,838,3,-6.0,5.428571428571429
2022-07-04 10:00:00+00:00,839,3,0.0,5.571428571428571
2022-07-05 10:00:00+00:00,840,3,0.0,5.285714285714286
2022-07-06 10:00:00+00:00,841,7,4.0,5.142857142857143
2022-07-07 10:00:00+00:00,842,3,-4.0,4.857142857142857
2022-07-08 10:00:00+00:00,843,3,0.0,4.428571428571429
2022-07-09 10:00:00+00:00,844,5,2.0,3.857142857142857
2022-07-10 10:00:00+00:00,845,2,-3.0,3.7142857142857144
2022-07-11 10:00:00+00:00,846,7,5.0,4.285714285714286
2022-07-12 10:00:00+00:00,847,7,0.0,4.857142857142857
2022-07-13 10:00:00+00:00,848,8,1.0,5.0
2022-07-14 10:00:00+00:00,849,6,-2.0,5.428571428571429
2022-07-15 10:00:00+00:00,850,4,-2.0,5.571428571428571
2022-07-16 10:00:00+00:00,851,5,1.0,5.571428571428571
2022-07-17 10:00:00+00:00,852,4,-1.0,5.857142857142857
2022-07-18 10:00:00+00:00,853,1,-3.0,5.0
2022-07-19 10:00:00+00:00,854,7,6.0,5.0
2022-07-20 10:00:00+00:00,855,7,0.0,4.857142857142857
2022-07-21 10:00:00+00:00,856,9,2.0,5.285714285714286
2022-07-22 10:00:00+00:00,857,9,0.0,6.0
2022-07-23 10:00:00+00:00,858,3,-6.0,5.714285714285714
2022-07-24 10:00:00+00:00,859,12,9.0,6.857142857142857
2022-07-25 10:00:00+00:00,860,13,1.0,8.571428571428571
2022-07-26 10:00:00+00:00,861,6,-7.0,8.428571428571429
2022-07-27 10:00:00+00:00,862,5,-1.0,8.142857142857142
2022-07-28 10:00:00+00:00,863,5,0.0,7.571428571428571
2022-07-29 10:00:00+00:00,864,4,-1.0,6.857142857142857
2022-07-30 10:00:00+00:00,865,6,2.0,7.285714285714286
2022-07-31 10:00:00+00:00,866,6,0.0,6.428571428571429
2022-08-01 10:00:00+00:00,867,7,1.0,5.571428571428571
2022-08-02 10:00:00+00:00,868,4,-3.0,5.285714285714286
2022-08-03 10:00:00+00:00,869,4,0.0,5.142857142857143
2022-08-04 10:00:00+00:00,870,5,1.0,5.142857142857143
2022-08-05 10:00:00+00:00,871,3,-2.0,5.0
2022-08-06 10:00:00+00:00,872,8,5.0,5.285714285714286
2022-08-07 10:00:00+00:00,873,8,0.0,5.571428571428571
2022-08-08 10:00:00+00:00,874,7,-1.0,5.571428571428571
2022-08-09 10:00:00+00:00,875,12,5.0,6.714285714285714
2022-08-10 10:00:00+00:00,876,6,-6.0,7.0
2022-08-11 10:00:00+00:00,877,5,-1.0,7.0
2022-08-12 10:00:00+00:00,878,7,2.0,7.571428571428571
2022-08-13 10:00:00+00:00,879,7,0.0,7.428571428571429
2022-08-14 10:00:00+00:00,880,10,3.0,7.714285714285714
2022-08-15 10:00:00+00:00,881,6,-4.0,7.571428571428571
2022-08-16 10:00:00+00:00,882,4,-2.0,6.428571428571429
2022-08-17 10:00:00+00:00,883,9,5.0,6.857142857142857
2022-08-18 10:00:00+00:00,884,4,-5.0,6.714285714285714
2022-08-19 10:00:00+00:00,885,5,1.0,6.428571428571429
2022-08-20 10:00:00+00:00,886,7,2.0,6.428571428571429
2022-08-21 10:00:00+00:00,887,10,3.0,6.428571428571429
2022-08-22 10:00:00+00:00,888,6,-4.0,6.428571428571429
2022-08-23 10:00:00+00:00,889,6,0.0,6.714285714285714
2022-08-24 10:00:00+00:00,890,11,5.0,7.0
2022-08-25 10:00:00+00:00,891,5,-6.0,7.142857142857143
2022-08-26 10:00:00+00:00,892,6,1.0,7.285714285714286
2022-08-27 10:00:00+00:00,893,7,1.0,7.285714285714286
2022-08-28 10:00:00+00:00,894,8,1.0,7.0
2022-08-29 10:00:00+00:00,895,6,-2.0,7.0
2022-08-30 10:00:00+00:00,896,7,1.0,7.142857142857143
2022-08-31 10:00:00+00:00,897,6,-1.0,6.428571428571429
2022-09-01 10:00:00+00:00,898,7,1.0,6.714285714285714
2022-09-02 10:00:00+00:00,899,9,2.0,7.142857142857143
2022-09-03 10:00:00+00:00,900,4,-5.0,6.714285714285714
2022-09-04 10:00:00+00:00,901,7,3.0,6.571428571428571
2022-09-05 10:00:00+00:00,902,4,-3.0,6.285714285714286
2022-09-06 10:00:00+00:00,903,9,5.0,6.571428571428571
2022-09-07 10:00:00+00:00,904,9,0.0,7.0
2022-09-08 10:00:00+00:00,905,7,-2.0,7.0
2022-09-09 10:00:00+00:00,906,8,1.0,6.857142857142857
2022-09-10 10:00:00+00:00,907,6,-2.0,7.142857142857143
2022-09-11 10:00:00+00:00,908,6,0.0,7.0
2022-09-12 10:00:00+00:00,909,7,1.0,7.428571428571429
2022-09-13 10:00:00+00:00,910,6,-1.0,7.0
2022-09-14 10:00:00+00:00,911,7,1.0,6.714285714285714
2022-09-15 10:00:00+00:00,912,12,5.0,7.428571428571429
2022-09-16 10:00:00+00:00,913,6,-6.0,7.142857142857143
2022-09-17 10:00:00+00:00,914,8,2.0,7.428571428571429
2022-09-18 10:00:00+00:00,915,5,-3.0,7.285714285714286
2022-09-19 10:00:00+00:00,916,6,1.0,7.142857142857143
2022-09-20 10:00:00+00:00,917,7,1.0,7.285714285714286
2022-09-21 10:00:00+00:00,918,5,-2.0,7.0
2022-09-22 10:00:00+00:00,919,6,1.0,6.142857142857143
2022-09-23 10:00:00+00:00,920,5,-1.0,6.0
2022-09-24 10:00:00+00:00,921,3,-2.0,5.285714285714286
2022-09-25 10:00:00+00:00,922,11,8.0,6.142857142857143
2022-09-26 10:00:00+00:00,923,5,-6.0,6.0
2022-09-27 10:00:00+00:00,924,4,-1.0,5.571428571428571
2022-09-28 10:00:00+00:00,925,10,6.0,6.285714285714286
2022-09-29 10:00:00+00:00,926,3,-7.0,5.857142857142857
2022-09-30 10:00:00+00:00,927,2,-1.0,5.428571428571429
2022-10-01 10:00:00+00:00,928,5,3.0,5.714285714285714
2022-10-02 10:00:00+00:00,929,4,-1.0,4.714285714285714
2022-10-03 10:00:00+00:00,930,4,0.0,4.571428571428571
2022-10-04 10:00:00+00:00,931,4,0.0,4.571428571428571
2022-10-05 10:00:00+00:00,932,3,-1.0,3.5714285714285716
2022-10-06 10:00:00+00:00,933,4,1.0,3.7142857142857144
2022-10-07 10:00:00+00:00,934,6,2.0,4.285714285714286
2022-10-08 10:00:00+00:00,935,6,0.0,4.428571428571429
2022-10-09 10:00:00+00:00,936,9,3.0,5.142857142857143
2022-10-10 10:00:00+00:00,937,6,-3.0,5.428571428571429
2022-10-11 10:00:00+00:00,938,5,-1.0,5.571428571428571
2022-10-12 10:00:00+00:00,939,4,-1.0,5.714285714285714
2022-10-13 10:00:00+00:00,940,4,0.0,5.714285714285714
2022-10-14 10:00:00+00:00,941,6,2.0,5.714285714285714
2022-10-15 10:00:00+00:00,942,7,1.0,5.857142857142857
2022-10-16 10:00:00+00:00,943,8,1.0,5.714285714285714
2022-10-17 10:00:00+00:00,944,2,-6.0,5.142857142857143
2022-10-18 10:00:00+00:00,945,2,0.0,4.714285714285714
2022-10-19 10:00:00+00:00,946,2,0.0,4.428571428571429
2022-10-20 10:00:00+00:00,947,9,7.0,5.142857142857143
2022-10-21 10:00:00+00:00,948,7,-2.0,5.285714285714286
2022-10-22 10:00:00+00:00,949,7,0.0,5.285714285714286
2022-10-23 10:00:00+00:00,950,7,0.0,5.142857142857143
2022-10-24 10:00:00+00:00,951,1,-6.0,5.0
2022-10-25 10:00:00+00:00,952,7,6.0,5.714285714285714
2022-10-26 10:00:00+00:00,953,7,0.0,6.428571428571429
2022-10-27 10:00:00+00:00,954,5,-2.0,5.857142857142857
2022-10-28 10:00:00+00:00,955,8,3.0,6.0
2022-10-29 10:00:00+00:00,956,8,0.0,6.142857142857143
2022-10-30 10:00:00+00:00,957,1,-7.0,5.285714285714286
2022-10-31 10:00:00+00:00,958,6,5.0,6.0
2022-11-01 10:00:00+00:00,959,0,-6.0,5.0
2022-11-02 10:00:00+00:00,960,0,0.0,4.0
