,date,cases,deaths,CasesDaily,Cases7D,DailyCases100k,Cases100k7D,TotalCasesPast7Days,DailyDeaths,Deaths7D,DailyDeaths100k,Deaths100k7D,Cases100k7DDiff,TotalCasespast7days100k
0,2020-01-21,1,0,,,,,,,,,,,
1,2020-01-22,1,0,0.0,,0.0,,,0.0,,0.0,,,
2,2020-01-23,1,0,0.0,,0.0,,,0.0,,0.0,,,
3,2020-01-24,2,0,1.0,,0.0003046555731193894,,,0.0,,0.0,,,
4,2020-01-25,3,0,1.0,,0.0003046555731193894,,,0.0,,0.0,,,
5,2020-01-26,5,0,2.0,,0.0006093111462387788,,,0.0,,0.0,,,
6,2020-01-27,5,0,0.0,,0.0,,,0.0,,0.0,,,
7,2020-01-28,5,0,0.0,0.5714285714285714,0.0,0.00017408889892536536,4.0,0.0,0.0,0.0,0.0,,0.0012186222924775575
8,2020-01-29,5,0,0.0,0.5714285714285714,0.0,0.00017408889892536536,4.0,0.0,0.0,0.0,0.0,0.0,0.0012186222924775575
9,2020-01-30,6,0,1.0,0.7142857142857143,0.0003046555731193894,0.00021761112365670671,5.0,0.0,0.0,0.0,0.0,4.352222473134136e-05,0.001523277865596947
10,2020-01-31,7,0,1.0,0.7142857142857143,0.0003046555731193894,0.00021761112365670671,5.0,0.0,0.0,0.0,0.0,0.0,0.001523277865596947
11,2020-02-01,8,0,1.0,0.7142857142857143,0.0003046555731193894,0.00021761112365670671,5.0,0.0,0.0,0.0,0.0,0.0,0.001523277865596947
12,2020-02-02,11,0,3.0,0.8571428571428571,0.0009139667193581682,0.00026113334838804805,6.0,0.0,0.0,0.0,0.0,4.352222473134133e-05,0.0018279334387163364
13,2020-02-03,11,0,0.0,0.8571428571428571,0.0,0.00026113334838804805,6.0,0.0,0.0,0.0,0.0,0.0,0.0018279334387163364
14,2020-02-04,11,0,0.0,0.8571428571428571,0.0,0.00026113334838804805,6.0,0.0,0.0,0.0,0.0,0.0,0.0018279334387163364
15,2020-02-05,12,0,1.0,1.0,0.0003046555731193894,0.0003046555731193894,7.0,0.0,0.0,0.0,0.0,4.352222473134133e-05,0.002132589011835726
16,2020-02-06,12,0,0.0,0.8571428571428571,0.0,0.00026113334838804805,6.0,0.0,0.0,0.0,0.0,-4.352222473134133e-05,0.0018279334387163364
17,2020-02-07,12,0,0.0,0.7142857142857143,0.0,0.00021761112365670671,5.0,0.0,0.0,0.0,0.0,-4.352222473134133e-05,0.001523277865596947
18,2020-02-08,12,0,0.0,0.5714285714285714,0.0,0.00017408889892536538,4.0,0.0,0.0,0.0,0.0,-4.352222473134133e-05,0.0012186222924775575
19,2020-02-09,12,0,0.0,0.14285714285714285,0.0,4.352222473134134e-05,1.0,0.0,0.0,0.0,0.0,-0.00013056667419402405,0.0003046555731193894
20,2020-02-10,13,0,1.0,0.2857142857142857,0.0003046555731193894,8.704444946268268e-05,2.0,0.0,0.0,0.0,0.0,4.352222473134134e-05,0.0006093111462387788
21,2020-02-11,13,0,0.0,0.2857142857142857,0.0,8.704444946268268e-05,2.0,0.0,0.0,0.0,0.0,0.0,0.0006093111462387788
22,2020-02-12,14,0,1.0,0.2857142857142857,0.0003046555731193894,8.704444946268268e-05,2.0,0.0,0.0,0.0,0.0,0.0,0.0006093111462387788
23,2020-02-13,15,0,1.0,0.42857142857142855,0.0003046555731193894,0.00013056667419402402,3.0,0.0,0.0,0.0,0.0,4.3522224731341346e-05,0.0009139667193581682
24,2020-02-14,15,0,0.0,0.42857142857142855,0.0,0.00013056667419402402,3.0,0.0,0.0,0.0,0.0,0.0,0.0009139667193581682
25,2020-02-15,15,0,0.0,0.42857142857142855,0.0,0.00013056667419402402,3.0,0.0,0.0,0.0,0.0,0.0,0.0009139667193581682
26,2020-02-16,15,0,0.0,0.42857142857142855,0.0,0.00013056667419402402,3.0,0.0,0.0,0.0,0.0,0.0,0.0009139667193581682
27,2020-02-17,25,0,10.0,1.7142857142857142,0.003046555731193894,0.0005222666967760961,12.0,0.0,0.0,0.0,0.0,0.0003917000225820721,0.0036558668774326728
28,2020-02-18,25,0,0.0,1.7142857142857142,0.0,0.0005222666967760961,12.0,0.0,0.0,0.0,0.0,0.0,0.0036558668774326728
29,2020-02-19,25,0,0.0,1.5714285714285714,0.0,0.0004787444720447547,11.0,0.0,0.0,0.0,0.0,-4.3522224731341386e-05,0.003351211304313283
30,2020-02-20,27,0,2.0,1.7142857142857142,0.0006093111462387788,0.0005222666967760961,12.0,0.0,0.0,0.0,0.0,4.3522224731341386e-05,0.0036558668774326728
31,2020-02-21,30,0,3.0,2.142857142857143,0.0009139667193581682,0.0006528333709701201,15.0,0.0,0.0,0.0,0.0,0.000130566674194024,0.00456983359679084
32,2020-02-22,30,0,0.0,2.142857142857143,0.0,0.0006528333709701201,15.0,0.0,0.0,0.0,0.0,0.0,0.00456983359679084
33,2020-02-23,30,0,0.0,2.142857142857143,0.0,0.0006528333709701201,15.0,0.0,0.0,0.0,0.0,0.0,0.00456983359679084
34,2020-02-24,43,0,13.0,2.5714285714285716,0.003960522450552062,0.0007834000451641441,18.0,0.0,0.0,0.0,0.0,0.000130566674194024,0.005483800316149009
35,2020-02-25,45,0,2.0,2.857142857142857,0.0006093111462387788,0.0008704444946268268,20.0,0.0,0.0,0.0,0.0,8.704444946268266e-05,0.006093111462387788
36,2020-02-26,60,0,15.0,5.0,0.00456983359679084,0.0015232778655969467,35.0,0.0,0.0,0.0,0.0,0.00065283337097012,0.010662945059178629
37,2020-02-27,60,0,0.0,4.714285714285714,0.0,0.001436233416134264,33.0,0.0,0.0,0.0,0.0,-8.704444946268266e-05,0.01005363391293985
38,2020-02-28,65,0,5.0,5.0,0.001523277865596947,0.0015232778655969467,35.0,0.0,0.0,0.0,0.0,8.704444946268266e-05,0.010662945059178629
39,2020-02-29,70,1,5.0,5.714285714285714,0.001523277865596947,0.0017408889892536537,40.0,1.0,0.14285714285714285,0.0003046555731193894,4.352222473134134e-05,0.00021761112365670699,0.012186222924775576
40,2020-03-01,88,3,18.0,8.285714285714286,0.005483800316149009,0.002524289034417798,58.0,2.0,0.42857142857142855,0.0006093111462387788,0.00013056667419402402,0.0007834000451641442,0.017670023240924586
41,2020-03-02,104,6,16.0,8.714285714285714,0.00487448916991023,0.002654855708611822,61.0,3.0,0.8571428571428571,0.0009139667193581682,0.00026113334838804805,0.0001305666741940239,0.018583989960282755
42,2020-03-03,125,10,21.0,11.428571428571429,0.0063977670355071774,0.0034817779785073074,80.0,4.0,1.4285714285714286,0.0012186222924775575,0.00043522224731341343,0.0008269222698954856,0.02437244584955115
43,2020-03-04,161,12,36.0,14.428571428571429,0.010967600632298019,0.0043957446978654755,101.0,2.0,1.7142857142857142,0.0006093111462387788,0.0005222666967760961,0.0009139667193581681,0.03077021288505833
44,2020-03-05,228,12,67.0,24.0,0.02041192339899909,0.0073117337548653455,168.0,0.0,1.7142857142857142,0.0,0.0005222666967760961,0.00291598905699987,0.05118213628405742
45,2020-03-06,311,15,83.0,35.142857142857146,0.02528641256890932,0.010706467283909971,246.0,3.0,2.142857142857143,0.0009139667193581682,0.0006528333709701202,0.0033947335290446254,0.07494527098736979
46,2020-03-07,428,19,117.0,51.142857142857146,0.035644702054968565,0.0155809564538202,358.0,4.0,2.5714285714285716,0.0012186222924775575,0.0007834000451641441,0.004874489169910229,0.1090666951767414
47,2020-03-08,547,22,119.0,65.57142857142857,0.036254013201207344,0.019976701151685677,459.0,3.0,2.7142857142857144,0.0009139667193581682,0.0008269222698954854,0.004395744697865477,0.13983690806179974
48,2020-03-09,748,26,201.0,92.0,0.061235770196997275,0.028028312726983827,644.0,4.0,2.857142857142857,0.0012186222924775575,0.0008704444946268269,0.00805161157529815,0.19619818908888675
49,2020-03-10,1018,31,270.0,127.57142857142857,0.08225700474223514,0.03886534668508782,893.0,5.0,3.0,0.001523277865596947,0.0009139667193581682,0.010837033958103995,0.27205742679561473
50,2020-03-11,1263,37,245.0,157.42857142857142,0.0746406154142504,0.04796149165393816,1102.0,6.0,3.5714285714285716,0.0018279334387163364,0.0010880556182835336,0.00909614496885034,0.33573044157756715
51,2020-03-12,1668,43,405.0,205.71428571428572,0.12338550711335271,0.06267200361313154,1440.0,6.0,4.428571428571429,0.0018279334387163364,0.0013491889666715818,0.014710511959193373,0.4387040252919207
52,2020-03-13,2224,50,556.0,273.2857142857143,0.1693884986543805,0.08325801591105599,1913.0,7.0,5.0,0.002132589011835726,0.0015232778655969467,0.02058601229792445,0.5828061113773919
53,2020-03-14,2898,60,674.0,352.85714285714283,0.20533785628246845,0.10749989508641311,2470.0,10.0,5.857142857142857,0.003046555731193894,0.001784411213984995,0.024241879175357126,0.7524992656048918
54,2020-03-15,3600,68,702.0,436.14285714285717,0.21386821232981137,0.1328733521047851,3053.0,8.0,6.571428571428571,0.002437244584955115,0.0020020223376417015,0.025373457018371987,0.9301134647334958
55,2020-03-16,4507,91,907.0,537.0,0.27632260481928617,0.16360004276511209,3759.0,23.0,9.285714285714286,0.007007078181745957,0.002828944607537187,0.03072669066032699,1.1452002993557848
56,2020-03-17,5906,117,1399.0,698.2857142857143,0.4262131467940258,0.21273663448679647,4888.0,26.0,12.285714285714286,0.007921044901104124,0.0037429113268953556,0.049136591721684386,1.4891564414075753
57,2020-03-18,8350,162,2444.0,1012.4285714285714,0.7445782207037877,0.30844200667101607,7087.0,45.0,17.857142857142858,0.013709500790372522,0.0054402780914176675,0.0957053721842196,2.159094046697113
58,2020-03-19,12393,212,4043.0,1532.142857142857,1.2317224821216912,0.46677586024363593,10725.0,50.0,24.142857142857142,0.01523277865596947,0.0073552559795966865,0.15833385357261986,3.267431021705451
59,2020-03-20,18012,277,5619.0,2255.4285714285716,1.711859665357849,0.6871288840584171,15788.0,65.0,32.42857142857143,0.01980261225276031,0.009879545014014486,0.22035302381478117,4.80990218840892
60,2020-03-21,24528,360,6516.0,3090.0,1.9851357144459412,0.9413857209389132,21630.0,83.0,42.857142857142854,0.02528641256890932,0.013056667419402404,0.25425683688049605,6.589700046572394
61,2020-03-22,33073,458,8545.0,4210.428571428572,2.6032818723051827,1.2827305295068234,29473.0,98.0,55.714285714285715,0.02985624616570016,0.016973667645223123,0.3413448085679103,8.979113706547764
62,2020-03-23,43505,579,10432.0,5571.142857142857,3.1781669387814704,1.6972797200728496,38998.0,121.0,69.71428571428571,0.036863324347446116,0.021238845668894574,0.4145491905660261,11.880958040509947
63,2020-03-24,53938,785,10433.0,6861.714285714285,3.1784715943545896,2.0904594982957874,48032.0,206.0,95.42857142857143,0.06275904806259422,0.029072846120536015,0.3931797782229378,14.633216488070511
64,2020-03-25,68572,1054,14634.0,8603.142857142857,4.458329657029145,2.6209954177708386,60222.0,269.0,127.42857142857143,0.08195234916911576,0.03882182446035648,0.5305359194750512,18.346967924395866
65,2020-03-26,85570,1353,16998.0,10453.857142857143,5.178535431883381,3.1848258391653657,73177.0,299.0,163.0,0.09109201636269744,0.04965885841846047,0.5638304213945271,22.29378087415756
66,2020-03-27,102900,1770,17330.0,12126.857142857143,5.279681082159018,3.694514612994104,84888.0,417.0,213.28571428571428,0.12704137399078538,0.06497868152389262,0.5096887738287386,25.86160229095873
67,2020-03-28,123966,2300,21066.0,14205.42857142857,6.417874303333058,4.327762982835121,99438.0,530.0,277.14285714285717,0.1614674537532764,0.08443311597880221,0.6332483698410165,30.294340879845844
68,2020-03-29,142486,2718,18520.0,15630.42857142857,5.642221214171092,4.76189717453025,109413.0,418.0,322.85714285714283,0.12734602956390476,0.09836022789283143,0.43413419169512935,33.33328022171175
69,2020-03-30,163955,3368,21469.0,17207.14285714286,6.540650499300171,5.242251968890065,120450.0,650.0,398.42857142857144,0.19802612252760313,0.12138348477571102,0.48035479435981454,36.69576378223045
70,2020-03-31,188461,4304,24506.0,19217.571428571428,7.465889474863757,5.854740237534231,134523.0,936.0,502.7142857142857,0.2851576164397485,0.15315470882959017,0.6124882686441664,40.983181662739625
71,2020-04-01,215391,5325,26930.0,20974.14285714286,8.204374584105157,6.3898895128308055,146819.0,1021.0,610.1428571428571,0.3110533401548966,0.18588342182755888,0.5351492752965745,44.72922658981563
72,2020-04-02,245108,6541,29717.0,22791.14285714286,9.053449666388895,6.9434486891887355,159538.0,1216.0,741.1428571428571,0.37046117691317754,0.2257933019061989,0.55355917635793,48.60414082432115
73,2020-04-03,277426,7932,32318.0,24932.285714285714,9.845858812072427,7.595759793462079,174526.0,1391.0,880.2857142857143,0.42377590220907063,0.26818394879452534,0.6523111042733438,53.17031855423455
74,2020-04-04,312525,9488,35099.0,26937.0,10.693105960917448,8.206507173116991,188559.0,1556.0,1026.857142857143,0.47404407177376995,0.31283775136888153,0.6107473796549119,57.44555021181895
75,2020-04-05,338141,10856,25616.0,27950.714285714286,7.804057161026279,8.51534087981059,195655.0,1368.0,1162.5714285714287,0.41676882402732474,0.35418386486365583,0.30883370669359955,59.60738615867413
76,2020-04-06,369057,12382,30916.0,29300.285714285714,9.418731698559043,8.926495336847571,205102.0,1526.0,1287.7142857142858,0.4649044045801882,0.3923093337283109,0.4111544570369805,62.48546735793301
77,2020-04-07,399394,14616,30337.0,30133.285714285714,9.242336121722916,9.180273429256022,210933.0,2234.0,1473.142857142857,0.6806005503487159,0.4488011814295919,0.2537780924084512,64.26191400479217
78,2020-04-08,431214,16701,31820.0,30831.85714285714,9.694140336658972,9.393097108192283,215823.0,2085.0,1625.142857142857,0.635206869953927,0.4951088285437391,0.2128236789362603,65.75167975734598
79,2020-04-09,465913,18821,34699.0,31543.571428571428,10.571243731669693,9.609924831803825,220805.0,2120.0,1754.2857142857142,0.6458698150131056,0.5344529197008717,0.21682772361154257,67.26947382262678
80,2020-04-10,499386,21084,33473.0,31708.571428571428,10.197735999025321,9.660193001368524,221960.0,2263.0,1878.857142857143,0.6894355619691782,0.5724042996666013,0.05026816956469915,67.62135100957967
81,2020-04-11,531106,23168,31720.0,31225.85714285714,9.663674779347032,9.513131404001323,218581.0,2084.0,1954.2857142857142,0.6349022143808075,0.5953840343247496,-0.1470615973672018,66.59191982800925
82,2020-04-12,558249,24849,27143.0,31444.0,8.269266221179587,9.579589841166081,220108.0,1681.0,1999.0,0.5121260184136935,0.6090064906656594,0.06645843716475852,67.05712888816257
83,2020-04-13,584018,26613,25769.0,30708.714285714286,7.850669463713546,9.355580950473867,214961.0,1764.0,2033.0,0.5374124309826029,0.6193647801517186,-0.22400889069221464,65.48906665331707
84,2020-04-14,610709,29318,26691.0,30187.85714285714,8.131561902129622,9.196898919103395,211315.0,2705.0,2100.285714285714,0.8240933252879483,0.6398637480001804,-0.15868203137047132,64.37829243372377
85,2020-04-15,640742,32070,30033.0,29932.571428571428,9.149720827494622,9.119124703508488,209528.0,2752.0,2195.5714285714284,0.8384121372245598,0.6688930718959851,-0.07777421559490705,63.83387292455943
86,2020-04-16,672355,34418,31613.0,29491.714285714286,9.631076633023257,8.98481511798757,206442.0,2348.0,2228.1428571428573,0.7153312856843264,0.6788161391347309,-0.13430958552091887,62.89370582591298
87,2020-04-17,703864,36707,31509.0,29211.14285714286,9.599392453418842,8.899337468615215,204478.0,2289.0,2231.8571428571427,0.6973566068702823,0.6799477169777458,-0.08547764937235414,62.295362280306506
88,2020-04-18,732262,38659,28398.0,28736.571428571428,8.651608965444419,8.754756638057698,201156.0,1952.0,2213.0,0.5946876787290482,0.6742027833132088,-0.14458083055751736,61.2832964664039
89,2020-04-19,757596,40179,25334.0,28478.14285714286,7.718144289406611,8.676024933518702,199347.0,1520.0,2190.0,0.4630764711414719,0.6671957051314628,-0.07873170453899547,60.732174534630914
90,2020-04-20,784991,42016,27395.0,28710.428571428572,8.346039425605673,8.746792070931864,200973.0,1837.0,2200.4285714285716,0.5596522878203184,0.6703728275368508,0.07076713741316176,61.227544496523045
91,2020-04-21,810505,44688,25514.0,28542.285714285714,7.772982292568101,8.695566412423075,199796.0,2672.0,2195.714285714286,0.8140396913750085,0.6689365941207165,-0.05122565850878935,60.86896488696153
92,2020-04-22,839336,47059,28831.0,28370.571428571428,8.783524828605115,8.643252698296003,198594.0,2371.0,2141.285714285714,0.7223383638660722,0.6523546264980754,-0.052313714127071975,60.50276888807202
93,2020-04-23,873112,49228,33776.0,28679.571428571428,10.290046637680497,8.737391270389894,200757.0,2169.0,2115.714285714286,0.6607979380959557,0.6445641482711653,0.09413857209389143,61.161738892729254
94,2020-04-24,909853,51360,36741.0,29427.0,11.193350411979486,8.965099550184272,205989.0,2132.0,2093.285714285714,0.6495256818905382,0.6377311589883448,0.2277082797943777,62.755696851289905
95,2020-04-25,944261,53326,34408.0,30285.571428571428,10.48258895989195,9.226668120819634,211999.0,1966.0,2095.285714285714,0.5989528567527196,0.6383404701345835,0.26156857063536165,64.58667684573744
96,2020-04-26,970996,54580,26735.0,30485.714285714286,8.144966747346876,9.287642757668243,213400.0,1254.0,2057.285714285714,0.3820380886917143,0.6267635583560468,0.060974636848609265,65.01349930367769
97,2020-04-27,994193,56022,23197.0,29886.0,7.067095329650476,9.104936458246073,209202.0,1442.0,2000.857142857143,0.4393133364381595,0.6095722795871669,-0.1827062994221702,63.73455520772251
98,2020-04-28,1018846,58416,24653.0,29763.0,7.510673844112306,9.067463822752387,208341.0,2394.0,1961.142857142857,0.7293454420478183,0.5974731011118539,-0.0374726354936854,63.4722467592667
99,2020-04-29,1045401,60930,26555.0,29437.85714285714,8.090128744185385,8.968407239263854,206065.0,2514.0,1981.5714285714287,0.765904110822145,0.6036967792484358,-0.09905658348853308,62.77885067484698
100,2020-04-30,1075758,63140,30357.0,28949.428571428572,9.248429233185304,8.819604752907397,202646.0,2210.0,1987.4285714285713,0.6732888165938505,0.6054811904624208,-0.1488024863564572,61.73723327035179
101,2020-05-01,1109728,64902,33970.0,28553.571428571428,10.349149818865659,8.699004668176851,199875.0,1762.0,1934.5714285714287,0.5368031198363641,0.5893779673118245,-0.12060008473054573,60.89303267723796
102,2020-05-02,1139202,66485,29474.0,27848.714285714286,8.979418362120883,8.484266011352412,194941.0,1583.0,1879.857142857143,0.48226977224799344,0.5727089552397208,-0.21473865682443893,59.38986207946689
103,2020-05-03,1165342,67816,26140.0,27763.714285714286,7.963696681340839,8.458370287637264,194346.0,1331.0,1890.857142857143,0.4054965678219073,0.5760601665440339,-0.025895723715148478,59.20859201346085
104,2020-05-04,1187304,68905,21962.0,27587.285714285714,6.690845696848029,8.404620340094057,193111.0,1089.0,1840.4285714285713,0.3317699191270151,0.5606968212138705,-0.05374994754320639,58.83234238065841
105,2020-05-05,1211011,71139,23707.0,27452.14285714286,7.222469671941364,8.363448315498209,192165.0,2234.0,1817.5714285714287,0.6806005503487159,0.553733265256856,-0.041172024595848455,58.54413820848746
106,2020-05-06,1235519,73847,24508.0,27159.714285714286,7.466498786009995,8.274358321473153,190118.0,2708.0,1845.2857142857142,0.8250072920073065,0.5621765768547361,-0.08908999402505557,57.920508250312075
107,2020-05-07,1263995,75805,28476.0,26891.0,8.675372100147733,8.1924930167535,188237.0,1958.0,1809.2857142857142,0.5965156121677645,0.5512089762224381,-0.0818653047196527,57.3474511172745
108,2020-05-08,1291643,77380,27648.0,25987.85714285714,8.423117285604878,7.91734551200196,181915.0,1575.0,1782.5714285714287,0.4798325276630383,0.5430703201976773,-0.2751475047515406,55.42141858401373
109,2020-05-09,1316511,78834,24868.0,25329.85714285714,7.576174792332975,7.716882144889403,177309.0,1454.0,1764.142857142857,0.4429692033155922,0.5374559532073342,-0.2004633671125573,54.01817501422581
110,2020-05-10,1336828,79765,20317.0,24498.0,6.189687279066635,7.463452230278802,171486.0,931.0,1707.0,0.28363433857415155,0.5200470633147977,-0.25342991461060116,52.244165611951615
111,2020-05-11,1354449,80747,17621.0,23877.85714285714,5.368335853936761,7.274522252720049,167145.0,982.0,1691.7142857142858,0.2991717728032404,0.5153901852685442,-0.18892997755875296,50.92165576904035
112,2020-05-12,1376749,82400,22300.0,23676.85714285714,6.793819280562384,7.213286482523052,165738.0,1653.0,1608.7142857142858,0.5035956623663507,0.49010377269963484,-0.061235770196996775,50.49300537766136
113,2020-05-13,1397894,84168,21145.0,23196.428571428572,6.441942093609489,7.06692124075155,162375.0,1768.0,1474.4285714285713,0.5386310532750805,0.449192881452174,-0.1463652417715018,49.46844868526086
114,2020-05-14,1424856,85906,26962.0,22980.14285714286,8.214123562444977,7.0010285925083,160861.0,1738.0,1443.0,0.5294913860814988,0.4396179920112789,-0.06589264824325003,49.007200147558095
115,2020-05-15,1451093,87499,26237.0,22778.571428571428,7.99324827193342,6.9396187334123765,159450.0,1593.0,1445.5714285714287,0.48531632797918733,0.440401392056443,-0.06140985909592356,48.577331133886645
116,2020-05-16,1474752,88724,23659.0,22605.85714285714,7.207846204431633,6.887000363712185,158241.0,1225.0,1412.857142857143,0.37320307707125205,0.4304348025929659,-0.05261836970019118,48.2090025459853
117,2020-05-17,1493766,89568,19014.0,22419.714285714286,5.79272106729207,6.8302909048872475,156938.0,844.0,1400.4285714285713,0.25712930371276466,0.42664836904133924,-0.05670945882493772,47.81203633421073
118,2020-05-18,1515593,90414,21827.0,23020.571428571428,6.649717194476913,7.013345382107269,161144.0,846.0,1381.0,0.25773861485900346,0.4207293464778768,0.1830544772200211,49.09341767475088
119,2020-05-19,1536570,91934,20977.0,22831.571428571428,6.390759957325431,6.955765478787705,159821.0,1520.0,1362.0,0.4630764711414719,0.41494089058860834,-0.05757990331956364,48.69035835151393
120,2020-05-20,1559640,93411,23070.0,23106.571428571428,7.028404071864313,7.039545761395536,161746.0,1477.0,1320.4285714285713,0.4499762814973381,0.402275923191788,0.08378028260783132,49.27682032976876
121,2020-05-21,1585373,94722,25733.0,22931.0,7.839701863081247,6.9860569472007175,160517.0,1311.0,1259.4285714285713,0.3994034563595195,0.3836919332315053,-0.05348881419481888,48.902398630405024
122,2020-05-22,1609172,96010,23799.0,22582.714285714286,7.250497984668348,6.879949763305708,158079.0,1288.0,1215.857142857143,0.3923963781777735,0.37041765468844623,-0.10610718389500917,48.159648343139956
123,2020-05-23,1631440,97060,22268.0,22384.0,6.784070302222562,6.819410348704411,156688.0,1050.0,1190.857142857143,0.3198883517753589,0.3628012653604614,-0.060539414601297636,47.73587244093088
124,2020-05-24,1651471,97680,20031.0,22529.285714285714,6.102555785154489,6.863672451256186,157705.0,620.0,1158.857142857143,0.18888645533402143,0.35305228702064095,0.04426210255177576,48.045707158793306
125,2020-05-25,1670571,98190,19100.0,22139.714285714286,5.818921446580338,6.744987344413819,154978.0,510.0,1110.857142857143,0.15537434229088862,0.33842881951091025,-0.1186851068423671,47.21491141089673
126,2020-05-26,1689467,98937,18896.0,21842.428571428572,5.756771709663982,6.654417594747898,152897.0,747.0,1000.4285714285714,0.22757771312018388,0.30478613979358343,-0.09056974966592168,46.58092316323528
127,2020-05-27,1708211,100422,18744.0,21224.428571428572,5.710464062549835,6.466140450560114,148571.0,1485.0,1001.5714285714286,0.45241352608229324,0.30513431759143417,-0.18827714418778374,45.2629831539208
128,2020-05-28,1730723,101622,22512.0,20764.285714285714,6.858406262063694,6.325955364700464,145350.0,1200.0,985.7142857142857,0.3655866877432673,0.30030335064625524,-0.14018508585964984,44.28168755290325
129,2020-05-29,1755271,102812,24548.0,20871.285714285714,7.478685008934771,6.358553511024239,146099.0,1190.0,971.7142857142857,0.36254013201207336,0.29603817262258386,0.03259814632377456,44.509874577169676
130,2020-05-30,1778668,103775,23397.0,21032.571428571428,7.1280264442743535,6.407690102745923,147228.0,963.0,959.2857142857143,0.293383316913972,0.29225173907095714,0.04913659172168483,44.85383071922146
131,2020-05-31,1799302,104379,20634.0,21118.714285714286,6.286263095745481,6.433934004258922,147831.0,604.0,957.0,0.1840119661641112,0.29155538347525567,0.02624390151299849,45.03753802981246
132,2020-06-01,1821199,105113,21897.0,21518.285714285714,6.6710430845952695,6.555665666832484,150628.0,734.0,989.0,0.22361719066963182,0.30130436181507614,0.12173166257356183,45.88965966782739
133,2020-06-02,1841990,106195,20791.0,21789.0,6.334094020725225,6.638140282698375,152523.0,1082.0,1036.857142857143,0.3296373301151793,0.3158843071000755,0.08247461586589111,46.46698197888863
134,2020-06-03,1861977,107184,19987.0,21966.571428571428,6.089150939937236,6.692238408039434,153766.0,989.0,966.0,0.3013043618150761,0.29429728363333013,0.05409812534105907,46.845668856276035
135,2020-06-04,1883593,108192,21616.0,21838.571428571428,6.585434868548722,6.653242494680151,152870.0,1008.0,938.5714285714286,0.30709281770434455,0.28594101648491266,-0.03899591335928321,46.572697462761056
136,2020-06-05,1912302,109304,28709.0,22433.0,8.74635684868455,6.834338471787262,157031.0,1112.0,927.4285714285714,0.338776997308761,0.282546282955868,0.18109597710711167,47.84036930251084
137,2020-06-06,1934818,110032,22516.0,22307.14285714286,6.859624884356172,6.795995391798951,156150.0,728.0,893.8571428571429,0.2217892572309155,0.27231856014400274,-0.038343079988311324,47.571967742592655
138,2020-06-07,1953434,110422,18616.0,22018.85714285714,5.671468149190553,6.708167542291103,154132.0,390.0,863.2857142857143,0.11881567351656186,0.26300480405149573,-0.08782784950784794,46.957172796037725
139,2020-06-08,1971641,111144,18207.0,21491.714285714286,5.5468640197847225,6.547570533032455,150442.0,722.0,861.5714285714286,0.21996132379219918,0.2624825373547196,-0.16059700925864817,45.83299373122718
140,2020-06-09,1990446,112174,18805.0,21208.0,5.729048052510118,6.461135394716011,148456.0,1030.0,854.1428571428571,0.31379524031297107,0.2602193816686899,-0.08643513831644434,45.22794776301207
141,2020-06-10,2013298,113103,22852.0,21617.285714285714,6.961989156924287,6.585826568571305,151321.0,929.0,845.5714285714286,0.28302502742791275,0.2576080481848094,0.12469117385529405,46.100785979999124
142,2020-06-11,2036500,113980,23202.0,21843.85714285714,7.068618607516073,6.654852816995211,152907.0,877.0,826.8571428571429,0.2671829376257045,0.2519066367450037,0.06902624842390637,46.58396971896647
143,2020-06-12,2061993,114759,25493.0,21384.428571428572,7.766584525532594,6.514885342259218,149691.0,779.0,779.2857142857143,0.23732669146000435,0.23741373590946704,-0.13996747473599314,45.60419739581452
144,2020-06-13,2087327,115451,25334.0,21787.0,7.718144289406611,6.637530971552137,152509.0,692.0,774.1428571428571,0.21082165659861749,0.23584693581913876,0.12264562929291944,46.46271680086496
145,2020-06-14,2106457,115768,19130.0,21860.428571428572,5.828061113773919,6.659901395064047,153023.0,317.0,763.7142857142857,0.09657581667884645,0.23266981341375081,0.022370423511909543,46.61930976544832
146,2020-06-15,2126574,116216,20117.0,22133.285714285714,6.128756164442756,6.743028844300908,154933.0,448.0,724.5714285714286,0.13648569675748645,0.2207447238373633,0.08312744923686122,47.201201910106356
147,2020-06-16,2151459,116985,24885.0,23001.85714285714,7.581353937076005,7.007643970667464,161013.0,769.0,687.2857142857143,0.23428013572881046,0.2093854231824832,0.2646151263665555,49.05350779467225
148,2020-06-17,2177114,117746,25655.0,23402.285714285714,7.815938728377936,7.129636766589413,163816.0,761.0,663.2857142857143,0.23184289114385534,0.20207368942761786,0.12199279592194934,49.9074573661259
149,2020-06-18,2205173,118473,28059.0,24096.14285714286,8.548330726156946,7.341024212109538,168673.0,727.0,641.8571428571429,0.2214846016577961,0.19554535571791662,0.211387445520125,51.38716948476677
150,2020-06-19,2236009,119171,30836.0,24859.428571428572,9.394359252709492,7.573563458849095,174016.0,698.0,630.2857142857143,0.2126495900373338,0.19202005551467802,0.23253924673955684,53.01494421194367
151,2020-06-20,2268034,119717,32025.0,25815.285714285714,9.756594729148446,7.8647706645265005,180707.0,546.0,609.4285714285714,0.1663419429231866,0.18566581070390217,0.29120720567740577,55.0533946516855
152,2020-06-21,2294413,119974,26379.0,26850.85714285714,8.036509363316373,8.180263271603993,187956.0,257.0,600.8571428571429,0.07829648229168307,0.18305447722002172,0.31549260707749216,57.26184290122796
153,2020-06-22,2324879,120334,30466.0,28329.285714285714,9.281636690655318,8.630674775348647,198305.0,360.0,588.2857142857143,0.10967600632298018,0.17922452144366363,0.4504115037446539,60.41472342744052
154,2020-06-23,2359939,121167,35060.0,29782.85714285714,10.681224393565792,9.073513411990044,208480.0,833.0,597.4285714285714,0.2537780924084514,0.18200994382646948,0.44283863664139744,63.5145938839303
155,2020-06-24,2396928,121934,36989.0,31402.0,11.268904994113095,9.566794307095066,219814.0,767.0,598.2857142857143,0.23367082458257166,0.18227107717485755,0.4932808951050216,66.96756014966547
156,2020-06-25,2438101,124400,41173.0,33275.42857142857,12.54358391204462,10.137544762221877,232928.0,2466.0,846.7142857142857,0.7512806433124143,0.25795622598266016,0.5707504551268112,70.96281333555314
157,2020-06-26,2483629,125033,45528.0,35374.28571428572,13.87035893297956,10.776973287974743,247620.0,633.0,837.4285714285714,0.19284697778457352,0.25512728137512297,0.6394285257528658,75.4388130158232
158,2020-06-27,2525928,125544,42299.0,36842.0,12.886626087377053,11.224120624864543,257894.0,511.0,832.4285714285714,0.155678997864008,0.253604003509526,0.4471473368898007,78.5688443740518
159,2020-06-28,2565436,125815,39508.0,38717.57142857143,12.036332382800836,11.795523913362326,271023.0,271.0,834.4285714285714,0.08256166031535453,0.25421331465576474,0.5714032884977822,82.56866739353627
160,2020-06-29,2604932,126162,39496.0,40007.57142857143,12.032676515923404,12.188529602686339,280053.0,347.0,832.5714285714286,0.10571548387242813,0.25364752573425736,0.3930056893240135,85.31970721880437
161,2020-06-30,2653321,127462,48389.0,41911.71428571428,14.741978527674135,12.768637336130386,293382.0,1300.0,899.2857142857143,0.39605224505520625,0.27397240468379375,0.5801077334440468,89.3804613529127
162,2020-07-01,2703296,128104,49975.0,43766.857142857145,15.225162266641485,13.333816946491584,306368.0,642.0,881.4285714285714,0.195588877942648,0.26853212659237613,0.5651796103611986,93.3367186254411
163,2020-07-02,2758855,128827,55559.0,45822.0,16.92635898694016,13.959927671476661,320754.0,723.0,632.4285714285714,0.22026597936531855,0.19267288888564815,0.626110724985077,97.71949370033661
164,2020-07-03,2816009,129418,57154.0,47482.857142857145,17.41228462606558,14.465917056203237,332380.0,591.0,626.4285714285714,0.18005144371355913,0.19084495544693178,0.5059893847265755,101.26141939342266
165,2020-07-04,2866015,129679,50006.0,48583.857142857145,15.234606589408187,14.801342842207685,340087.0,261.0,590.7142857142857,0.07951510458416063,0.17996439926409646,0.33542578600444806,103.60939989545379
166,2020-07-05,2910782,129941,44767.0,49335.142857142855,13.638516041835706,15.030226222069809,345346.0,262.0,589.4285714285714,0.07981976015728003,0.1795726992415144,0.2288833798621237,105.21158355448866
167,2020-07-06,2958098,130332,47316.0,50452.28571428572,14.41508309771703,15.370570019468897,353166.0,391.0,595.7142857142857,0.11912032908968126,0.1814876771296934,0.34034379739908793,107.59399013628229
168,2020-07-07,3012182,131290,54084.0,51265.857142857145,16.476992016589055,15.618429089313887,358861.0,958.0,546.8571428571429,0.29186003904837504,0.16660307627157467,0.2478590698449903,109.32900362519719
169,2020-07-08,3071637,132238,59455.0,52620.142857142855,18.1132970998133,16.031019779767004,368341.0,948.0,590.5714285714286,0.28881348331718115,0.17992087703936513,0.4125906904531167,112.217138458369
170,2020-07-09,3131526,133079,59889.0,53238.71428571428,18.24551761854711,16.21947101285371,372671.0,841.0,607.4285714285714,0.2562153369934065,0.18505649955766337,0.18845123308670608,113.53629708997597
171,2020-07-10,3199753,133907,68227.0,54820.57142857143,20.78573578721658,16.701392607303852,383744.0,828.0,641.2857142857143,0.2522548145428544,0.19537126681899128,0.48192159445014227,116.90974825112697
172,2020-07-11,3260474,134582,60721.0,56351.28571428572,18.498991055382444,17.167733245300177,394459.0,675.0,700.4285714285714,0.20564251185558788,0.2133894678577666,0.46634063799632486,120.17413271710122
173,2020-07-12,3318279,134977,57805.0,58213.857142857145,17.610615404166303,17.735176011347402,407497.0,395.0,719.4285714285714,0.12033895138215882,0.21917792374703501,0.5674427660472254,124.14623207943183
174,2020-07-13,3379846,135402,61567.0,60249.71428571428,18.756729670241448,18.35541123599375,421748.0,425.0,724.2857142857143,0.1294786185757405,0.22065767938790062,0.620235224646347,128.48787865195627
175,2020-07-14,3445448,136356,65602.0,61895.142857142855,19.986014907778184,18.856700220449337,433266.0,954.0,723.7142857142857,0.2906414167558975,0.22048359048897526,0.5012889844555879,131.99690154314536
176,2020-07-15,3513790,137327,68342.0,63164.71428571428,20.82077117812531,19.24348223163677,442153.0,971.0,727.0,0.2958205614989271,0.2214846016577961,0.3867820111874316,134.7043756214574
177,2020-07-16,3589477,138285,75687.0,65421.57142857143,23.058466362687223,19.931046337942497,457951.0,958.0,743.7142857142857,0.29186003904837504,0.22657670195136306,0.6875641063057287,139.5173243655975
178,2020-07-17,3660400,139186,70923.0,65806.71428571429,21.607087212346453,20.048382255818193,460647.0,901.0,754.1428571428571,0.2744946713805699,0.22975382435675096,0.11733591787569608,140.33867579072736
179,2020-07-18,3722851,139961,62451.0,66053.85714285714,19.02604519687899,20.123675704603414,462377.0,775.0,768.4285714285714,0.2361080691675268,0.23410604682988506,0.07529344878522082,140.8657299322239
180,2020-07-19,3785126,140373,62275.0,66692.42857142857,18.972425816009974,20.31822004915251,466847.0,412.0,770.8571428571429,0.12551809612518844,0.2348459246503179,0.1945443445490973,142.2275403440676
181,2020-07-20,3845014,140904,59888.0,66452.57142857143,18.245212962973994,20.245146233828592,465168.0,531.0,786.0,0.16177210932639577,0.23945928047184006,-0.07307381532391943,141.71602363680014
182,2020-07-21,3910291,142031,65277.0,66406.14285714286,19.887001846514384,20.231001510790907,464843.0,1127.0,810.7142857142857,0.34334683090555185,0.24698862535036212,-0.01414472303768477,141.6170105755363
183,2020-07-22,3980030,143167,69739.0,66605.71428571429,21.246375013773097,20.291802058740586,466240.0,1136.0,834.2857142857143,0.34608873106362636,0.25416979243103344,0.06080054794967893,142.04261441118413
184,2020-07-23,4050036,144283,70006.0,65794.14285714286,21.327718051795973,20.044552300041836,460559.0,1116.0,856.8571428571429,0.3399956196012386,0.26104630393858536,-0.2472497586987501,140.31186610029286
185,2020-07-24,4123561,145429,73525.0,66165.85714285714,22.399801013603106,20.15779712879279,463161.0,1146.0,891.8571428571429,0.34913528679482025,0.271709248997764,0.11324482875095399,141.10457990154953
186,2020-07-25,4190337,146313,66776.0,66783.71428571429,20.34368055062035,20.34603075075584,467486.0,884.0,907.4285714285714,0.26931552663754027,0.27645317149348025,0.18823362196305027,142.4222152552909
187,2020-07-26,4244554,146753,54217.0,65632.57142857143,16.517511207813936,19.99532866387069,459428.0,440.0,911.4285714285714,0.13404845217253133,0.27767179378595774,-0.3507020868851498,139.96730064709482
188,2020-07-27,4303735,148449,59181.0,65531.57142857143,18.029821472778583,19.964558450985635,458721.0,1696.0,1077.857142857143,0.5166958520104844,0.32837518559797046,-0.03077021288505577,139.75190915689942
189,2020-07-28,4366851,149776,63116.0,65222.857142857145,19.228641153003384,19.870506923341203,456560.0,1327.0,1106.4285714285713,0.40427794552942975,0.33707963054423873,-0.09405152764443159,139.09354846338843
190,2020-07-29,4433633,151172,66782.0,64800.42857142857,20.345508484059064,19.74181170481063,453603.0,1396.0,1143.5714285714287,0.4252991800746676,0.3483954089743874,-0.12869521853057364,138.1926819336744
191,2020-07-30,4502581,152433,68948.0,64649.28571428572,21.00539245543566,19.69576519104487,452545.0,1261.0,1164.2857142857142,0.38417067770355,0.35470613156043196,-0.0460465137657593,137.87035633731406
192,2020-07-31,4571669,153862,69088.0,64015.42857142857,21.048044235672375,19.502657079911906,448108.0,1429.0,1204.7142857142858,0.4353528139876075,0.36702292115940155,-0.19310811113296467,136.51859955938335
193,2020-08-01,4628497,154917,56828.0,62594.28571428572,17.312966909228663,19.069697988284524,438160.0,1055.0,1229.142857142857,0.3214116296409558,0.3744652215884609,-0.43295909162738155,133.48788591799166
194,2020-08-02,4679291,155337,50794.0,62105.28571428572,15.474675181026265,18.92072141302914,434737.0,420.0,1226.2857142857142,0.12795534071014356,0.37359477709383404,-0.14897657525538577,132.445049891204
195,2020-08-03,4726775,155945,47484.0,60434.28571428572,14.466265234001085,18.41164195034664,423040.0,608.0,1070.857142857143,0.18523058845658877,0.32624259658613475,-0.5090794626824966,128.88149365242649
196,2020-08-04,4780324,157301,53549.0,59067.57142857143,16.314001284970185,17.9952648263419,413473.0,1356.0,1075.0,0.413112957149892,0.32750474110334354,-0.41637712400474314,125.96685378439331
197,2020-08-05,4834047,158554,53723.0,57202.0,16.367011354692956,17.426908093575314,400414.0,1253.0,1054.5714285714287,0.3817334331185949,0.3212810629667618,-0.5683567327665848,121.98835665502719
198,2020-08-06,4891561,159625,57514.0,55568.57142857143,17.521960632388563,16.929274975997153,388980.0,1071.0,1027.4285714285713,0.32628611881086605,0.31301184026780693,-0.497633117578161,118.5049248319801
199,2020-08-07,4952718,160981,61157.0,54435.57142857143,18.6318208852625,16.58410021165289,381049.0,1356.0,1017.0,0.413112957149892,0.30983471786241906,-0.3451747643442644,116.0887014815702
200,2020-08-08,5007958,161947,55240.0,54208.71428571428,16.829173859115073,16.51498691877952,379461.0,966.0,1004.2857142857143,0.2942972836333302,0.30596123986132967,-0.06911329287336798,115.60490843145664
201,2020-08-09,5056438,162486,48480.0,53878.142857142855,14.769702184827999,16.414276490751195,377147.0,539.0,1021.2857142857143,0.16420935391135089,0.3111403846043593,-0.10071042802832508,114.89993543525834
202,2020-08-10,5103611,163023,47173.0,53833.71428571428,14.371517350760955,16.400741078859745,376836.0,537.0,1011.1428571428571,0.1636000427651121,0.308050306648434,-0.013535411891449911,114.80518755201821
203,2020-08-11,5156968,164474,53357.0,53806.28571428572,16.25550741493126,16.39238481171133,376644.0,1451.0,1024.7142857142858,0.44205523659623397,0.3121849179979114,-0.008356267148414531,114.7466936819793
204,2020-08-12,5211246,165952,54278.0,53885.57142857143,16.53609519777422,16.416539646437222,377199.0,1478.0,1056.857142857143,0.4502809370704576,0.32197741856246326,0.024154834725891305,114.91577752506058
205,2020-08-13,5265307,167165,54061.0,53392.28571428572,16.46998493840731,16.2662574044399,373746.0,1213.0,1077.142857142857,0.36954721019381936,0.32815757447431376,-0.15028224199732065,113.86380183107931
206,2020-08-14,5324784,168341,59477.0,53152.28571428572,18.11999952242192,16.19314006689125,372066.0,1176.0,1051.4285714285713,0.3582749539884019,0.32032357402267225,-0.07311733754865202,113.35198046823872
207,2020-08-15,5375527,169400,50743.0,52509.857142857145,15.459137746797177,15.997420622274406,367569.0,1059.0,1064.7142857142858,0.32263025193343337,0.32437114092268704,-0.19571944461684332,111.98194435592085
208,2020-08-16,5417664,169915,42137.0,51603.71428571428,12.837271884531711,15.721359150803508,361226.0,515.0,1061.2857142857142,0.15689762015648553,0.32332660752913484,-0.2760614714708982,110.04951405562456
209,2020-08-17,5455187,170449,37523.0,50225.142857142855,11.431591070158849,15.301369682146063,351576.0,534.0,1060.857142857143,0.16268607604575394,0.32319604085494075,-0.4199894686574446,107.10958777502245
210,2020-08-18,5498420,171798,43233.0,48778.857142857145,13.171174392670562,14.860750678965966,341452.0,1349.0,1046.2857142857142,0.4109803681380563,0.318756773932344,-0.44061900318009783,104.02525475276174
211,2020-08-19,5541433,173093,43013.0,47169.57142857143,13.104150166584295,14.370472817367403,330187.0,1295.0,1020.1428571428571,0.3945289671896093,0.31079220680650854,-0.4902778615985621,100.59330972157181
212,2020-08-20,5587475,174136,46042.0,46024.0,14.026951897562926,14.021468097246778,322168.0,1043.0,995.8571428571429,0.31775576276352313,0.3033934286021805,-0.3490047201206252,98.15027668072746
213,2020-08-21,5636491,175297,49016.0,44529.57142857143,14.93299757201999,13.566182104332217,311707.0,1161.0,993.7142857142857,0.3537051203916111,0.3027405952312104,-0.4552859929145612,94.96327473032551
214,2020-08-22,5681517,176247,45026.0,43712.857142857145,13.717421835273628,13.317365545543138,305990.0,950.0,978.1428571428571,0.28942279446341995,0.2979966727354942,-0.2488165587890787,93.22155881880197
215,2020-08-23,5713850,176693,32333.0,42312.28571428572,9.850428645669218,12.890673654277066,296186.0,446.0,968.2857142857143,0.13587638561124765,0.29499363922903166,-0.42669189126607243,90.23471557993948
216,2020-08-24,5754254,177197,40404.0,42723.857142857145,12.309303776315808,13.01606118372806,299067.0,504.0,964.0,0.15354640885217227,0.2936879724870914,0.12538752945099496,91.11242828609643
217,2020-08-25,5793385,178410,39131.0,42137.857142857145,11.921477231734828,12.8375330178801,294965.0,1213.0,944.5714285714286,0.36954721019381936,0.28776894992362895,-0.17852816584796116,89.86273112516069
218,2020-08-26,5838532,179603,45147.0,42442.71428571428,13.754285159621073,12.930409445456784,297099.0,1193.0,930.0,0.36345409873143153,0.2833296830010322,0.0928764275766838,90.51286611819746
219,2020-08-27,5884368,180729,45836.0,42413.28571428572,13.964192849500332,12.921443867162125,296893.0,1126.0,941.8571428571429,0.3430421753324325,0.28694202765373344,-0.008965578294658272,90.45010707013488
220,2020-08-28,5930932,181739,46564.0,42063.0,14.185982106731249,12.814727372120876,294441.0,1010.0,920.2857142857143,0.3077021288505833,0.28037017171930095,-0.10671649504124936,89.70309160484614
221,2020-08-29,5975541,182610,44609.0,42003.42857142857,13.590380461282843,12.796578604407907,294024.0,871.0,909.0,0.2653550041869882,0.27693191596552497,-0.018148767712968805,89.57605023085534
222,2020-08-30,6008970,182984,33429.0,42160.0,10.184331153808069,12.844278962713458,295120.0,374.0,898.7142857142857,0.11394118434665164,0.2737983157848684,0.047700358305551305,89.9099527389942
223,2020-08-31,6045457,183472,36487.0,41600.42857142857,11.115967896407161,12.673802408440793,291203.0,488.0,896.4285714285714,0.14867191968226204,0.27310196018916694,-0.17047655427266584,88.71661685908556
224,2020-09-01,6089506,184563,44049.0,42303.0,13.419773340335984,12.887844709669531,296121.0,1091.0,879.0,0.33237923027325383,0.2677922487719433,0.2140423012287389,90.21491296768671
225,2020-09-02,6121950,185639,32444.0,40488.28571428572,9.88424541428547,12.334981888907299,283418.0,1076.0,862.2857142857143,0.327809396676463,0.26270014847837636,-0.5528628207622326,86.34487322235111
226,2020-09-03,6168347,186717,46397.0,40568.42857142857,14.13510462602031,12.359397856981584,283979.0,1078.0,855.4285714285714,0.32841870782270177,0.26061108169127195,0.024415968074285033,86.51578499887108
227,2020-09-04,6220448,187697,52101.0,41359.42857142857,15.872860015093305,12.60038041531902,289516.0,980.0,851.1428571428571,0.2985624616570016,0.25930541494933174,0.24098255833743565,88.20266290723313
228,2020-09-05,6262701,188409,42253.0,41022.857142857145,12.87261193101356,12.497842053851981,287160.0,712.0,828.4285714285714,0.21691476806100524,0.25238538121704845,-0.10253836146703854,87.48489437696387
229,2020-09-06,6292699,188820,29998.0,40532.71428571428,9.139057882435443,12.348517300798747,283729.0,411.0,833.7142857142857,0.12521344055206904,0.25399570353210804,-0.149324753053234,86.43962110559123
230,2020-09-07,6317865,189083,25166.0,38915.42857142857,7.6669621531225545,11.855802194615233,272408.0,263.0,801.5714285714286,0.08012441573039941,0.24420320296755627,-0.492715106183514,82.99061536230663
231,2020-09-08,6346807,189541,28942.0,36757.28571428572,8.817341597221368,11.198311945598858,257301.0,458.0,711.1428571428571,0.13953225248868034,0.2166536347126172,-0.6574902490163748,78.388183619192
232,2020-09-09,6380139,190716,33332.0,36884.142857142855,10.154779563215488,11.23695968116029,258189.0,1175.0,725.2857142857143,0.35797029841528255,0.22096233496101997,0.03864773556143142,78.65871776812203
233,2020-09-10,6418200,191631,38061.0,35693.28571428572,11.59549576849708,10.874158415799828,249853.0,915.0,702.0,0.2787598494042413,0.21386821232981137,-0.36280126536046176,76.1191089105988
234,2020-09-11,6465767,192858,47567.0,35045.57142857143,14.491551646569995,10.676828648867927,245319.0,1227.0,737.2857142857143,0.3738123882174908,0.22461820183845266,-0.19732976693190096,74.73780054207549
235,2020-09-12,6504871,193559,39104.0,34595.71428571428,11.913251531260602,10.539777163188932,242170.0,701.0,735.7142857142857,0.21356355675669197,0.22413945736640795,-0.13705148567899528,73.77844014232252
236,2020-09-13,6538214,193958,33343.0,35073.57142857143,10.158130774519801,10.68535900491527,245515.0,399.0,734.0,0.12155757367463636,0.22361719066963184,0.14558184172633837,74.79751303440689
237,2020-09-14,6575101,194408,36887.0,36748.0,11.237830125654916,11.195483000991322,257236.0,450.0,760.7142857142857,0.13709500790372522,0.23175584669439267,0.510123996076052,78.36838100693925
238,2020-09-15,6614318,195689,39217.0,38215.857142857145,11.947677611023094,11.642673860105855,267511.0,1281.0,878.2857142857143,0.3902637891659378,0.26757463764828654,0.44719085911453327,81.49871702074098
239,2020-09-16,6653586,196686,39268.0,39063.857142857145,11.963215045252182,11.901021786111098,273447.0,997.0,852.8571428571429,0.3037416064000312,0.25982768164610776,0.2583479260052428,83.30715250277768
240,2020-09-17,6698896,197535,45310.0,40099.42857142857,13.803944018039534,12.21651439318859,280696.0,849.0,843.4285714285714,0.2586525815783616,0.25695521481383926,0.31549260707749127,85.51560075232013
241,2020-09-18,6747783,198484,48887.0,40288.0,14.89369700308759,12.27396372983396,282016.0,949.0,803.7142857142857,0.2891181388903005,0.24485603633852637,0.05744933664537122,85.91774610883772
242,2020-09-19,6789594,199154,41811.0,40674.71428571428,12.73795416769479,12.3917783921817,284723.0,670.0,799.2857142857143,0.20411923398999088,0.24350684737185477,0.1178146623477403,86.74244874527191
243,2020-09-20,6825950,199367,36356.0,41105.142857142855,11.076058016328522,12.522910855297232,287736.0,213.0,772.7142857142857,0.06489163707442994,0.23541171357182528,0.13113246311553084,87.66037598708063
244,2020-09-21,6880902,199797,54952.0,43685.857142857145,16.74143305405669,13.309139845068914,305801.0,430.0,769.8571428571429,0.13100189644133745,0.23454126907719847,0.7862289897716828,93.1639789154824
245,2020-09-22,6918293,200738,37391.0,43425.0,11.391376534507089,13.229668262709485,303975.0,941.0,721.2857142857143,0.28668089430534544,0.21974371266854242,-0.07947158235942986,92.6076778389664
246,2020-09-23,6959842,201828,41549.0,43750.857142857145,12.658134407537512,13.328942457321673,306256.0,1090.0,734.5714285714286,0.33207457470013446,0.22379127956855718,0.09927419461218889,93.30259720125173
247,2020-09-24,7005046,202713,45204.0,43735.71428571428,13.771650527288879,13.324329101500153,306150.0,885.0,739.7142857142857,0.26962018221065964,0.22535807965888546,-0.0046133558215206705,93.27030371050107
248,2020-09-25,7059627,203566,54581.0,44549.142857142855,16.628405836429394,13.572144649120412,311844.0,853.0,726.0,0.2598712038708392,0.2211799460846767,0.24781554762025948,95.00501254384287
249,2020-09-26,7102322,204335,42695.0,44675.42857142857,13.00726969433233,13.610618295782915,312728.0,769.0,740.1428571428571,0.23428013572881046,0.2254886463330795,0.03847364666250286,95.27432807048041
250,2020-09-27,7139620,204602,37298.0,44810.0,11.363043566206986,13.651616231479839,313670.0,267.0,747.8571428571429,0.08134303802287697,0.22783884646857194,0.04099793569692345,95.56131362035887
251,2020-09-28,7176980,204952,37360.0,42296.857142857145,11.381932211740388,12.88597325400608,296078.0,350.0,736.4285714285714,0.10662945059178629,0.22435706849006465,-0.7656429774737585,90.20181277804258
252,2020-09-29,7220677,205878,43697.0,43197.71428571428,13.31253457859796,13.160424403161922,302384.0,926.0,734.2857142857143,0.2821110607085546,0.2237042351190945,0.27445114915584234,92.12297082213344
253,2020-09-30,7262735,206852,42058.0,43270.42857142857,12.81320409425528,13.182577215550173,302893.0,974.0,717.7142857142857,0.2967345282182853,0.2186556570502589,0.022152812388251064,92.2780405088512
254,2020-10-01,7309153,207699,46418.0,43443.857142857145,14.141502393055818,13.235413196374022,304107.0,847.0,712.2857142857143,0.25804327043212283,0.21700181251046793,0.05283598082384877,92.64789237461815
255,2020-10-02,7362733,208564,53580.0,43300.857142857145,16.323445607736886,13.19184744941795,303106.0,865.0,714.0,0.2635270707482718,0.21752407920724406,-0.04356574695607307,92.34293214592564
256,2020-10-03,7410512,209273,47779.0,44027.142857142855,14.556138628071306,13.413114439952091,308190.0,709.0,705.4285714285714,0.21600080134164706,0.21491274572336355,0.22126699053414178,93.89180107966462
257,2020-10-04,7445575,209606,35063.0,43707.857142857145,10.682138360285151,13.31584226767754,305955.0,333.0,714.8571428571429,0.10145030584875667,0.21778521255563207,-0.09727217227455043,93.21089587374279
258,2020-10-05,7507988,210035,62413.0,47286.857142857145,19.01446828510045,14.406204563871837,331008.0,429.0,726.1428571428571,0.13069724086821805,0.22122346830940803,1.0903622961942965,100.84343194710286
259,2020-10-06,7550850,210756,42862.0,47167.57142857143,13.058147175043269,14.369863506221165,330173.0,721.0,696.8571428571429,0.21965666821907975,0.21230141223948307,-0.03634105765067197,100.58904454354817
260,2020-10-07,7603867,211752,53017.0,48733.142857142855,16.15192452007067,14.846823567051937,341132.0,996.0,700.0,0.30343695082691186,0.21325890118357257,0.4769600608307716,103.92776496936354
261,2020-10-08,7660249,212680,56382.0,50156.57142857143,17.177090523617412,15.28047901427502,351096.0,928.0,711.5714285714286,0.2827203718547934,0.21678420138681126,0.43365544722308336,106.96335309992514
262,2020-10-09,7719211,213595,58962.0,50925.42857142857,17.96310190226544,15.514715627779099,356478.0,915.0,718.7142857142857,0.2787598494042413,0.21896031262337828,0.23423661350407876,108.60300939445371
263,2020-10-10,7770859,214187,51648.0,51478.142857142855,15.734851040470225,15.683103115264657,360347.0,592.0,702.0,0.18035609928667853,0.21386821232981137,0.16838748748555865,109.78172180685262
264,2020-10-11,7815642,214606,44783.0,52866.71428571428,13.643390531005615,16.106139139653298,370067.0,419.0,714.2857142857143,0.12765068513702416,0.2176111236567067,0.4230360243886402,112.74297397757309
265,2020-10-12,7863658,214957,48016.0,50810.0,14.6283419989006,15.479549670196175,355670.0,351.0,703.1428571428571,0.10693410616490569,0.2142163901276621,-0.626589469457123,108.35684769137323
266,2020-10-13,7918051,215783,54393.0,52457.28571428572,16.571130588682948,15.981404443573272,367201.0,826.0,718.1428571428571,0.2516455033966156,0.21878622372445294,0.5018547733770973,111.8698311050129
267,2020-10-14,7977904,216792,59853.0,53433.857142857145,18.234550017914813,16.27892237183672,374037.0,1009.0,720.0,0.3073974732774639,0.21935201264596035,0.29751792826344925,113.95245660285707
268,2020-10-15,8043257,217585,65353.0,54715.42857142857,19.910155670071454,16.669360249901583,383008.0,793.0,700.7142857142857,0.24159186948367578,0.21347651230722928,0.3904378780648621,116.6855217493111
269,2020-10-16,8113721,218476,70464.0,56358.57142857143,21.467250304284658,17.169952878761475,394510.0,891.0,697.2857142857143,0.27144811564937593,0.2124319789136771,0.5005926288598914,120.18967015133032
270,2020-10-17,8166482,219154,52761.0,56517.57142857143,16.073932693352106,17.218393114887455,395623.0,678.0,709.5714285714286,0.206556478574946,0.21617489024057243,0.04844023612598036,120.52875180421219
271,2020-10-18,8214364,219541,47882.0,56960.28571428572,14.587518152102604,17.353268489329885,398722.0,387.0,705.0,0.1179017067972037,0.21478217904916952,0.13487537444243003,121.47287942530919
272,2020-10-19,8279804,220058,65440.0,59449.42857142857,19.93666070493284,18.111599733048774,416146.0,517.0,728.7142857142857,0.15750693130272433,0.22200686835457217,0.7583312437188887,126.78119813134141
273,2020-10-20,8340398,220987,60594.0,60335.28571428572,18.46029979759628,18.38148104860782,422347.0,929.0,743.4285714285714,0.28302502742791275,0.22648965750190034,0.26988131555904715,128.67036734025476
274,2020-10-21,8404635,222195,64237.0,60961.57142857143,19.570160050470218,18.572282481830023,426731.0,1208.0,771.8571428571429,0.3680239323282224,0.23515058022343727,0.19080143322220167,130.00597737281018
275,2020-10-22,8479765,223023,75130.0,62358.28571428572,22.888773208459725,18.997799273028345,436508.0,828.0,776.8571428571429,0.2522548145428544,0.2366738580890342,0.42551679119832286,132.98459491119843
276,2020-10-23,8565062,223953,85297.0,64477.28571428572,25.986206420364557,19.64336443246833,451341.0,930.0,782.4285714285714,0.2833296830010321,0.23837122485355652,0.645565159439986,137.50355102727835
277,2020-10-24,8643641,224825,78579.0,68165.57142857143,23.9395302801485,20.767021230582106,477159.0,872.0,810.1428571428571,0.2656596597601076,0.24681453645143675,1.1236567981137746,145.36914861407473
278,2020-10-25,8703356,225164,59715.0,69856.0,18.192507548824338,21.282019715828064,488992.0,339.0,803.2857142857143,0.103278239287473,0.2447254696643324,0.5149984852459575,148.97413801079645
279,2020-10-26,8777994,225701,74638.0,71170.0,22.738882666484987,21.68233713890694,498190.0,537.0,806.1428571428571,0.1636000427651121,0.2455959141589592,0.40031742307887797,151.77635997234862
280,2020-10-27,8852381,226684,74387.0,73140.42857142857,22.66241411763202,22.282639184626337,511983.0,983.0,813.8571428571429,0.2994764283763598,0.24794611429445165,0.6003020457193955,155.97847429238433
281,2020-10-28,8934263,227702,81882.0,75661.14285714286,24.945807638161842,23.05058884001085,529628.0,1018.0,786.7142857142857,0.31013937343553843,0.2396768915954968,0.7679496553845127,161.35412188007595
282,2020-10-29,9024932,228706,90669.0,77881.0,27.622816159161914,23.726880690111162,545167.0,1004.0,811.8571428571429,0.30587419541186694,0.24733680314821285,0.6762918501003128,166.08816483077817
283,2020-10-30,9124800,229674,99868.0,79962.57142857143,30.42534277628718,24.361043026671542,559738.0,968.0,817.2857142857143,0.29490659477956893,0.24899064768800386,0.6341623365603795,170.52730118670078
284,2020-10-31,9209007,230512,84207.0,80766.57142857143,25.654131845664423,24.60598610745953,565366.0,838.0,812.4285714285714,0.2553013702740483,0.24751089204713825,0.2449430807879871,172.2419027522167
285,2020-11-01,9283202,230940,74195.0,82835.14285714286,22.6039202475931,25.236187921569353,579846.0,428.0,825.1428571428571,0.13039258529509867,0.25138437004822756,0.6302018141098245,176.65331545098547
286,2020-11-02,9377208,231480,94006.0,85602.0,28.63945180666132,26.079126370165973,599214.0,540.0,825.5714285714286,0.16451400948447029,0.2515149367224216,0.8429384485966196,182.55388459116182
287,2020-11-03,9469624,232610,92416.0,88177.57142857143,28.155049445401495,26.863788559847325,617243.0,1130.0,846.5714285714286,0.34426079762491,0.2579127037579288,0.7846621896813524,188.0465199189313
288,2020-11-04,9577702,234226,108078.0,91919.85714285714,32.92656503159737,28.003896758909544,643439.0,1616.0,932.0,0.4923234061609333,0.2839389941472709,1.1401081990622188,196.02727731236678
289,2020-11-05,9699051,235334,121349.0,96302.71428571429,36.96964914246479,29.3391586136671,674119.0,1108.0,946.8571428571429,0.33755837501628344,0.2884653055193304,1.3352618547575545,205.37411029566965
290,2020-11-06,9831874,236582,132823.0,101010.57142857143,40.465267188436655,30.77343352968845,707074.0,1248.0,986.8571428571429,0.38021015525299795,0.30065152844410603,1.4342749160213515,215.41403470781913
291,2020-11-07,9957805,237589,125931.0,106971.14285714286,38.365580978497825,32.58935483437894,748798.0,1007.0,1011.0,0.3067881621312251,0.30800678442370266,1.8159213046904874,228.12548384065255
292,2020-11-08,10061128,238053,103323.0,111132.28571428571,31.477927781414667,33.85707019635344,777926.0,464.0,1016.1428571428571,0.1413601859273967,0.30957358451403094,1.2677153619745027,236.9994913744741
293,2020-11-09,10191572,238798,130444.0,116337.71428571429,39.74049157998563,35.44293302111406,814364.0,745.0,1045.4285714285713,0.2269684019739451,0.31849564058395596,1.5858628247606177,248.10053114779842
294,2020-11-10,10331256,240262,139684.0,123090.28571428571,42.55550907560879,37.5001415397151,861632.0,1464.0,1093.142857142857,0.4460157590467861,0.33303206364422394,2.057208518601044,262.50099077800576
295,2020-11-11,10474295,241693,143039.0,128084.71428571429,43.577628523424345,39.02172203854753,896593.0,1431.0,1066.7142857142858,0.43596212513384625,0.32498045206892584,1.521580498832428,273.1520542698327
296,2020-11-12,10637946,242865,163651.0,134127.85714285713,49.8571891965612,40.86279918913273,938895.0,1172.0,1075.857142857143,0.3570563316959244,0.32776587445173166,1.8410771505851997,286.0395943239291
297,2020-11-13,10819442,244255,181496.0,141081.14285714287,55.2937678988767,42.98115643348131,987568.0,1390.0,1096.142857142857,0.42347124663595126,0.3339460303635821,2.11835724434858,300.86809503436916
298,2020-11-14,10978475,245465,159033.0,145810.0,48.45028975989585,44.42182911653817,1020670.0,1210.0,1125.142857142857,0.3686332434744612,0.34278104198404435,1.4406726830568601,310.9528038157672
299,2020-11-15,11113661,246088,135186.0,150361.85714285713,41.185168307717774,45.808577763152904,1052533.0,623.0,1147.857142857143,0.1898004220533796,0.34970107571632775,1.386748646614734,320.6600443420703
300,2020-11-16,11280224,246884,166563.0,155521.7142857143,50.744346225484854,47.380556998224215,1088652.0,796.0,1155.142857142857,0.24250583620303398,0.35192070917762613,1.5719792350713107,331.6638989875695
301,2020-11-17,11441855,248491,161631.0,158657.0,49.24178493886002,48.33573926440297,1110599.0,1607.0,1175.5714285714287,0.4895815060028588,0.35814438731420795,0.9551822661787526,338.35017485082074
302,2020-11-18,11614135,250415,172280.0,162834.2857142857,52.48606213700841,49.60837263777211,1139840.0,1924.0,1246.0,0.5861573226817052,0.3796008441067592,1.2726333733691462,347.2586084644048
303,2020-11-19,11801643,252376,187508.0,166242.42857142858,57.12535720447047,50.64668235318772,1163697.0,1961.0,1358.7142857142858,0.5974295788871226,0.41393987941978755,1.0383097154156076,354.5267764723141
304,2020-11-20,12000502,254333,198859.0,168722.85714285713,60.58350261494866,51.402358741198,1181060.0,1957.0,1439.7142857142858,0.5962109565946451,0.43861698084245804,0.7556763880102793,359.8165111883861
305,2020-11-21,12172435,255758,171933.0,170565.7142857143,52.38034665313597,51.96379544023231,1193960.0,1425.0,1470.4285714285713,0.4341341916951299,0.4479742591596964,0.56143669903431,363.74656808162615
306,2020-11-22,12313229,256601,140794.0,171366.85714285713,42.89367676177132,52.20786807652568,1199568.0,843.0,1501.857142857143,0.2568246481396453,0.45754914860059154,0.2440726362933674,365.45507653567967
307,2020-11-23,12492852,257639,179623.0,173232.57142857142,54.723148010424076,52.77626833151699,1212628.0,1038.0,1536.4285714285713,0.3162324848979262,0.46808152698557615,0.5684002549913103,369.43387832061893
308,2020-11-24,12670710,259848,177858.0,175550.7142857143,54.18543092386836,53.48250347223246,1228855.0,2209.0,1622.4285714285713,0.6729841610207311,0.4942819062738436,0.7062351407154708,374.3775243056273
309,2020-11-25,12851300,262161,180590.0,176737.85714285713,55.017749949630534,53.844173159749914,1237165.0,2313.0,1678.0,0.7046683406251477,0.5112120516943354,0.36166968751745543,376.9092121182494
310,2020-11-26,12954294,263339,102994.0,164664.42857142858,31.37769609785839,50.165935858805334,1152651.0,1178.0,1566.142857142857,0.3588842651346407,0.47713414972969515,-3.6782373009445806,351.1615510116373
311,2020-11-27,13160133,264751,205839.0,165661.57142857142,62.709998515322,50.469720987430094,1159631.0,1412.0,1488.2857142857142,0.43017366924457784,0.45341453725111414,0.30378512862476015,353.28804691201066
312,2020-11-28,13311541,265943,151408.0,162729.42857142858,46.12729101486051,49.57642732481931,1139106.0,1192.0,1455.0,0.36314944315831216,0.44327385888871157,-0.8932936626107804,347.0349912737352
313,2020-11-29,13447663,266761,136122.0,162062.0,41.47032592415752,49.37309149087448,1134434.0,818.0,1451.4285714285713,0.24920825881166053,0.44218580327042806,-0.20333583394483412,345.61164043612143
314,2020-11-30,13615321,268031,167658.0,160352.7142857143,51.07794407805059,48.85234807196399,1122469.0,1270.0,1484.5714285714287,0.38691257786162453,0.4522829594080992,-0.5207434189104916,341.9664365037479
315,2020-12-01,13799549,270639,184228.0,161262.7142857143,56.12608692463887,49.12958464350264,1128839.0,2608.0,1541.5714285714287,0.7945417346953676,0.4696483270759045,0.27723657153865133,343.90709250451846
316,2020-12-02,14000721,273525,201172.0,164203.0,61.288170955573804,50.025359072923095,1149421.0,2886.0,1623.4285714285713,0.8792359840225578,0.49458656184696304,0.8957744294204559,350.17751351046167
317,2020-12-03,14218459,276381,217738.0,180595.0,66.33509517986961,55.01927322749613,1264165.0,2856.0,1863.142857142857,0.8700963168289761,0.5676168549461538,4.993914154573034,385.1349125924729
318,2020-12-04,14449827,279018,231368.0,184242.0,70.48755064148689,56.13035210266254,1289694.0,2637.0,2038.142857142857,0.8033767463158299,0.620931580242047,1.1110788751664131,392.9124647186378
319,2020-12-05,14655535,281208,205708.0,191999.14285714287,62.67008863524335,58.493608905574376,1343994.0,2190.0,2180.714285714286,0.6671957051314628,0.6643667605239256,2.3632568029118346,409.45526233902063
320,2020-12-06,14827456,282319,171921.0,197113.2857142857,52.37669078625855,60.051661028731665,1379793.0,1111.0,2222.5714285714284,0.3384723417356416,0.6771187723702087,1.5580521231572888,420.3616272011217
321,2020-12-07,15031979,283853,204523.0,202379.7142857143,62.30907178109688,61.65610784345257,1416658.0,1534.0,2260.285714285714,0.4673416491651433,0.6886086396992827,1.6044468147209017,431.592754904168
322,2020-12-08,15251693,286674,219714.0,207449.14285714287,66.93709459235352,63.20053751026894,1452144.0,2821.0,2290.714285714286,0.8594333717697976,0.6978788735670584,1.5444296668163702,442.4037625718826
323,2020-12-09,15471409,289830,219716.0,210098.2857142857,66.93770390349977,64.00761364568693,1470688.0,3156.0,2329.285714285714,0.9614929887647929,0.7096298742445206,0.8070761354179936,448.05329551980856
324,2020-12-10,15697131,292771,225722.0,211238.85714285713,68.76746527565481,64.35509508794196,1478672.0,2941.0,2341.4285714285716,0.8959920405441243,0.7133292633466847,0.34748144225503097,450.48566561559375
325,2020-12-11,15977147,295726,280016.0,218188.57142857142,85.30843496259895,66.47236427667227,1527320.0,2955.0,2386.8571428571427,0.9002572185677956,0.7271693308112512,2.1172691887303046,465.30654993670584
326,2020-12-12,16184679,297981,207532.0,218449.14285714287,63.22578040061312,66.55174881458223,1529144.0,2255.0,2396.1428571428573,0.6869983173842231,0.7299982754187884,0.07938453790995936,465.8622417020756
327,2020-12-13,16368898,299338,184219.0,220206.0,56.1233450244808,67.08698513432826,1541442.0,1357.0,2431.285714285714,0.4134176127230114,0.7407047427026984,0.5352363197460335,469.6088959402978
328,2020-12-14,16569783,301016,200885.0,219686.2857142857,61.20073480608853,66.92865128075564,1537804.0,1678.0,2451.8571428571427,0.5112120516943354,0.7469719430640114,-0.1583338535726142,468.5005589652895
329,2020-12-15,16772936,304041,203153.0,217320.42857142858,61.89169364592331,66.20787971697989,1521243.0,3025.0,2481.0,0.921583108686153,0.7558504769092051,-0.7207715637757559,463.4551580188593
330,2020-12-16,17017763,307652,244827.0,220907.7142857143,74.58791000010075,67.30076630220861,1546354.0,3611.0,2546.0,1.100111274534115,0.7756530891619653,1.092886585228726,471.1053641154603
331,2020-12-17,17255472,310950,237709.0,222620.14285714287,72.41937163063695,67.8224672100632,1558341.0,3298.0,2597.0,1.0047540801477464,0.7911905233910542,0.52170090785458,474.75727047044245
332,2020-12-18,17506662,313820,251190.0,218502.14285714287,76.52643341185941,66.56789555995756,1529515.0,2870.0,2584.8571428571427,0.8743614948526475,0.7874911342888903,-1.2545716501056319,465.9752689197029
333,2020-12-19,17700567,316381,193905.0,216555.42857142858,59.074238905715205,65.97481820354356,1515888.0,2561.0,2628.5714285714284,0.7802229227587562,0.8008089350566807,-0.5930773564139997,461.82372742480493
334,2020-12-20,17880478,317810,179911.0,215940.0,54.81088881548247,65.78732445940095,1511580.0,1429.0,2638.8571428571427,0.4353528139876075,0.8039425352373373,-0.1874937441426141,460.5112712158067
335,2020-12-21,18081996,319773,201518.0,216030.42857142858,61.39358178387311,65.81487402765589,1512213.0,1963.0,2679.5714285714284,0.5980388900333613,0.8163463692857694,0.027549568254940482,460.70411819359117
336,2020-12-22,18283633,323012,201637.0,215813.85714285713,61.42983579707432,65.74889433496317,1510697.0,3239.0,2710.1428571428573,0.9867794013337022,0.8256601253782766,-0.06597969269272141,460.24226034474225
337,2020-12-23,18511396,326424,227763.0,213376.14285714287,69.38926730039148,65.00623109214756,1493633.0,3412.0,2681.714285714286,1.0394848154833567,0.8169992026567398,-0.7426632428156097,455.04361764503295
338,2020-12-24,18704907,329248,193511.0,207062.14285714287,58.954204609906164,63.082635803471746,1449435.0,2824.0,2614.0,0.8603473384891557,0.7963696681340838,-1.9235952886758128,441.5784506243022
339,2020-12-25,18805838,330377,100931.0,185596.57142857142,30.74919165051309,56.54302983756512,1299176.0,1129.0,2365.285714285714,0.34395614205179065,0.7205974748768186,-6.539605965906624,395.8012088629559
340,2020-12-26,19022699,332023,216861.0,188876.0,66.0679122422439,57.54212602849778,1322132.0,1646.0,2234.5714285714284,0.5014630733545149,0.6807746392476413,0.9990961909326614,402.79488219948456
341,2020-12-27,19174788,333253,152089.0,184901.42857142858,46.334761460154816,56.331250692022415,1294310.0,1230.0,2206.1428571428573,0.37472635493684897,0.6721137165261043,-1.2108753364753682,394.3187548441569
342,2020-12-28,19363798,335152,189010.0,183114.57142857142,57.58294987529579,55.7868747050828,1281802.0,1899.0,2197.0,0.5785409333537205,0.6693282941432985,-0.5443759869396132,390.50812293557954
343,2020-12-29,19564828,338780,201030.0,183027.85714285713,61.24490986419085,55.76045671467087,1281195.0,3628.0,2252.5714285714284,1.1052904192771447,0.6862584395637903,-0.026417990411928827,390.32319700269613
344,2020-12-30,19793777,342588,228949.0,183197.2857142857,69.75058881011108,55.81207407320225,1282381.0,3808.0,2309.1428571428573,1.160128422438635,0.7034932405574015,0.051617358531373725,390.6845185124157
345,2020-12-31,20024801,346050,231024.0,188556.2857142857,70.38274912433381,57.44472328954905,1319894.0,3462.0,2400.285714285714,1.054717594139326,0.7312604199359972,1.632649216346806,402.11306302684335
346,2021-01-01,20172049,347970,147248.0,195173.0,44.85992383068385,59.460542172430586,1366211.0,1920.0,2513.285714285714,0.5849387003892276,0.7656864996984883,2.0158188828815327,416.2237952070142
347,2021-01-02,20463659,350343,291610.0,205851.42857142858,88.84061167734515,62.71378494887363,1440960.0,2373.0,2617.1428571428573,0.722947675012311,0.7973271570781735,3.253242776443045,438.99649464211535
348,2021-01-03,20665439,351694,201780.0,212950.14285714287,61.47340154403039,64.87644781799871,1490651.0,1351.0,2634.4285714285716,0.41158967928429513,0.8025933462706657,2.1626628691250787,454.1351347259909
349,2021-01-04,20917269,353743,251830.0,221924.42857142858,76.72141297865583,67.61051397562156,1553471.0,2049.0,2655.8571428571427,0.6242392693216289,0.8091216799803668,2.7340661576228484,473.273597829351
350,2021-01-05,21152285,357432,235016.0,226779.57142857142,71.59893417222642,69.08966030534093,1587457.0,3689.0,2664.5714285714284,1.1238744092374275,0.8117765356889788,1.47914632971937,483.6276221373866
351,2021-01-06,21408251,361396,255966.0,230639.14285714287,77.98146842907762,70.26550025090758,1614474.0,3964.0,2686.8571428571427,1.2076546918452598,0.818566002747068,1.1758399455666506,491.8585017563531
352,2021-01-07,21688585,365509,280334.0,237683.42857142858,85.40531543485092,72.41158115241002,1663784.0,4113.0,2779.8571428571427,1.2530483722400485,0.8468989710471712,2.146080901502444,506.88106806687017
353,2021-01-08,21989362,369404,300777.0,259616.14285714287,91.63338931613059,79.09350479318813,1817313.0,3895.0,3062.0,1.1866334573000217,0.9328553648915703,6.681923640778109,553.6545335523169
354,2021-01-09,22241281,372663,251919.0,253946.0,76.74852732466346,77.36606417137646,1777622.0,3259.0,3188.5714285714284,0.99287251279609,0.9714160560035389,-1.7274406218116667,541.5624491996352
355,2021-01-10,22449576,374440,208295.0,254876.7142857143,63.458232602903216,77.64961146550115,1784137.0,1777.0,3249.4285714285716,0.541372953433155,0.98995652373909,0.2835472941246877,543.5472802585081
356,2021-01-11,22675892,376488,226316.0,251231.85714285713,68.94843068608773,76.5391854237057,1758623.0,2048.0,3249.285714285714,0.6239346137485094,0.9899130015143589,-1.1104260417954492,535.7742979659399
357,2021-01-12,22905869,380894,229977.0,250512.0,70.06377473927782,76.31987693328448,1753584.0,4406.0,3351.714285714286,1.3423124551640297,1.0211184366467305,-0.21930849042122702,534.2391385329913
358,2021-01-13,23135194,384824,229325.0,246706.14285714287,69.86513930560398,75.16040134421681,1726943.0,3930.0,3346.8571428571427,1.1972964023592003,1.0196386810058649,-1.159475589067668,526.1228094095177
359,2021-01-14,23374716,388804,239522.0,240875.85714285713,72.97171218470238,73.38417230848131,1686131.0,3980.0,3327.8571428571427,1.21252918101517,1.0138502251165966,-1.776229035735497,513.6892061593692
360,2021-01-15,23614569,392553,239853.0,232172.42857142858,73.0725531794049,70.73262428894907,1625207.0,3749.0,3307.0,1.1421537436245908,1.0074959803058208,-2.6515480195322425,495.1283700226435
361,2021-01-16,23816762,395894,202193.0,225068.7142857143,61.599224295728696,68.5684381419584,1575481.0,3341.0,3318.714285714286,1.01785426979188,1.0110648027337907,-2.164186146990673,479.9790669937087
362,2021-01-17,23986856,397624,170094.0,219611.42857142858,51.82008505416942,66.90584563499642,1537280.0,1730.0,3312.0,0.5270541414965436,1.0090192581714177,-1.6625925069619711,468.34091944497493
363,2021-01-18,24127989,399065,141133.0,207442.42857142858,42.99695500105879,63.19849196570657,1452097.0,1441.0,3225.285714285714,0.43900868086504014,0.9826012677594935,-3.7073536692898514,442.38944375994595
364,2021-01-19,24314933,401836,186944.0,201294.85714285713,56.95353146123113,61.32560006884277,1409064.0,2771.0,2991.714285714286,0.8442005931138281,0.9114424303237504,-1.8728918968638055,429.27920048189935
365,2021-01-20,24500421,406216,185488.0,195032.42857142858,56.5099529467693,59.417716303294945,1365227.0,4380.0,3056.0,1.3343914102629255,0.931027431452854,-1.9078837655478225,415.9240141230647
366,2021-01-21,24690903,410351,190482.0,188026.7142857143,58.03140287892753,57.283386402469965,1316187.0,4135.0,3078.1428571428573,1.2597507948486752,0.9377733762862119,-2.13432990082498,400.9837048172898
367,2021-01-22,24882468,414082,191565.0,181128.42857142858,58.36134486461583,55.18178521464296,1267899.0,3731.0,3075.5714285714284,1.136669943308442,0.9369899762410479,-2.1016011878270078,386.2724965025007
368,2021-01-23,25050385,417404,167917.0,176231.85714285713,51.15684987148852,53.6900174397515,1233623.0,3322.0,3072.8571428571427,1.0120658139026115,0.9361630539711523,-1.491767774891457,375.8301220782605
369,2021-01-24,25180061,419219,129676.0,170457.85714285713,39.50651609982994,51.930936160560144,1193205.0,1815.0,3085.0,0.5529498652116918,0.9398624430733162,-1.7590812791913564,363.516553123921
370,2021-01-25,25336637,421126,156576.0,172664.0,47.70175101674151,52.60304987708624,1208648.0,1907.0,3151.5714285714284,0.5809781779386756,0.9601437997981214,0.6721137165260984,368.2213491396038
371,2021-01-26,25487275,425224,150638.0,167477.42857142858,45.892706223558584,51.02293198599017,1172342.0,4098.0,3341.1428571428573,1.2484785386432578,1.0178977920166112,-1.580117891096073,357.1605239019312
372,2021-01-27,25643045,429326,155770.0,163232.0,47.456198624807286,49.72953851142417,1142624.0,4102.0,3301.4285714285716,1.2496971609357355,1.0057986135412984,-1.2933934745660025,348.10676957996924
373,2021-01-28,25809220,433194,166175.0,159759.57142857142,50.62613986311454,48.67164379487946,1118317.0,3868.0,3263.285714285714,1.1784077568257982,0.9941781795380303,-1.057894716544709,340.7015065641562
374,2021-01-29,25973835,436794,164615.0,155909.57142857142,50.15087716904829,47.49871983836981,1091367.0,3600.0,3244.5714285714284,1.0967600632298018,0.9884767680982246,-1.1729239565096492,332.49103886858865
375,2021-01-30,26107635,439435,133800.0,151035.7142857143,40.7629156833743,46.01387209721064,1057250.0,2641.0,3147.285714285714,0.8045953686083074,0.9588381330561812,-1.4848477411591716,322.09710468047444
376,2021-01-31,26221675,441299,114040.0,148802.0,34.742921558535166,45.33335859131138,1041614.0,1864.0,3154.285714285714,0.5678779882945418,0.9609707220680169,-0.6805135058992562,317.3335101391797
377,2021-02-01,26363284,443249,141609.0,146663.85714285713,43.141971053863614,44.6819614537574,1026647.0,1950.0,3160.4285714285716,0.5940783675828093,0.9628421777314645,-0.6513971375539782,312.77373017630174
378,2021-02-02,26478540,446860,115256.0,141609.2857142857,35.11338273544834,43.14205809831308,991265.0,3611.0,3090.8571428571427,1.100111274534115,0.9416468542873012,-1.5399033554443236,301.99440668819153
379,2021-02-03,26598723,450703,120183.0,136525.42857142858,36.61442074420758,41.593232686798835,955678.0,3843.0,3053.8571428571427,1.1707913674978137,0.9303745980818839,-1.548825411514244,291.15262880759184
380,2021-02-04,26724359,455820,125636.0,130734.14285714286,38.27570758442761,39.82888521841499,915139.0,5117.0,3232.285714285714,1.5589225676519156,0.9847338567713292,-1.7643474683838463,278.8021965289049
381,2021-02-05,26853860,459390,129501.0,125717.85714285714,39.453201374534046,38.300645819198664,880025.0,3570.0,3228.0,1.0876203960362203,0.983428190029389,-1.528239399216325,268.1045207343907
382,2021-02-06,26958807,462052,104947.0,121596.0,31.972688432160556,37.04489906902528,851172.0,2662.0,3231.0,0.8109931356438146,0.9843421567487473,-1.2557467501733868,259.3142934831769
383,2021-02-07,27046088,463353,87281.0,117773.28571428571,26.590643077433427,35.88028785743931,824413.0,1301.0,3150.5714285714284,0.3963569006283256,0.959839144225002,-1.1646112115859637,251.16201500207518
384,2021-02-08,27139070,464936,92982.0,110826.57142857143,28.327484499787065,33.763932635428375,775786.0,1583.0,3098.1428571428573,0.48226977224799344,0.9438664877485997,-2.116355222010938,236.34752844799863
385,2021-02-09,27235460,468106,96390.0,108131.42857142857,29.365750692977947,32.94284234364689,756920.0,3170.0,3035.1428571428573,0.9657581667884644,0.9246731866420782,-0.8210902917814877,230.59989640552823
386,2021-02-10,27330435,471360,94975.0,104530.28571428571,28.93466305701401,31.845734102619236,731712.0,3254.0,2951.0,0.9913492349304931,0.8990385962753181,-1.0971082410276516,222.92013871833467
387,2021-02-11,27436075,475238,105640.0,101673.71428571429,32.183814744332295,30.97546369689133,711716.0,3878.0,2774.0,1.181454312556992,0.8451145598331863,-0.8702704057279043,216.82824587823936
388,2021-02-12,27535702,480701,99627.0,97406.0,30.35192078316541,29.675280755267245,681842.0,5463.0,3044.4285714285716,1.664333395951224,0.9275021312496153,-1.3001829416240867,207.72696528687072
389,2021-02-13,27620354,484073,84652.0,94506.71428571429,25.789703575702553,28.791997204344675,661547.0,3372.0,3145.8571428571427,1.0272985925585811,0.9584029108088676,-0.8832835509225703,201.54398043041272
390,2021-02-14,27684134,485154,63780.0,91149.42857142857,19.430932453554657,27.769181400933423,638046.0,1081.0,3114.4285714285716,0.32933267454205994,0.9488280213679726,-1.0228158034112518,194.38426980653392
391,2021-02-15,27739406,486148,55272.0,85762.28571428571,16.83892283745489,26.127958306314536,600336.0,994.0,3030.285714285714,0.30282763968067306,0.9231934310012125,-1.641223094618887,182.89570814420176
392,2021-02-16,27803946,487855,64540.0,81212.28571428571,19.662470689125392,24.74177544862132,568486.0,1707.0,2821.285714285714,0.5200470633147977,0.8595204162192601,-1.3861828576932176,173.1924281403492
393,2021-02-17,27874107,490326,70161.0,77667.42857142857,21.37493966562948,23.661814964137815,543672.0,2471.0,2709.4285714285716,0.7528039211780112,0.8254425142546199,-1.0799604844835038,165.63270474896467
394,2021-02-18,27945898,492951,71791.0,72831.85714285714,21.871528249814084,22.18863117920664,509823.0,2625.0,2530.4285714285716,0.7997208794383972,0.7709091666662492,-1.473183784931173,155.32041825444645
395,2021-02-19,28023910,495572,78012.0,69744.0,23.766790570189805,21.247898291638695,488208.0,2621.0,2124.4285714285716,0.7985022571459196,0.6472190039797772,-0.9407328875679468,148.73528804147085
396,2021-02-20,28093630,497403,69720.0,67610.85714285714,21.24058655788383,20.598024431950304,473276.0,1831.0,1904.2857142857142,0.557824354381602,0.5801512556687801,-0.6498738596883911,144.18617102365212
397,2021-02-21,28148810,498650,55180.0,66382.28571428571,16.810894524727907,20.223733299260772,464676.0,1247.0,1928.0,0.3799054996798786,0.5873759449741828,-0.37429113268953174,141.5661330948254
398,2021-02-22,28208276,500104,59466.0,66981.42857142857,18.11664831111761,20.406265509784014,468870.0,1454.0,1993.7142857142858,0.4429692033155922,0.6073961683505998,0.18253221052324164,142.8438585684881
399,2021-02-23,28280189,502432,71913.0,68034.71428571429,21.908696229734648,20.727154872728196,476243.0,2328.0,2082.4285714285716,0.7092381742219385,0.6344234699087627,0.32088936294418247,145.09008410909738
400,2021-02-24,28354383,505642,74194.0,68610.85714285714,22.603615592019977,20.902680005069694,480276.0,3210.0,2188.0,0.9779443897132399,0.666586393985224,0.17552513234149814,146.31876003548786
401,2021-02-25,28432265,508107,77882.0,69481.0,23.727185345684283,21.167773875908296,486367.0,2465.0,2165.1428571428573,0.7509759877392949,0.6596228380282093,0.2650938708386015,148.17441713135807
402,2021-02-26,28510582,510283,78317.0,69524.57142857143,23.85971051999122,21.181048154451354,486672.0,2176.0,2101.5714285714284,0.6629305271077913,0.6402554480227626,0.01327427854305796,148.2673370811595
403,2021-02-27,28573256,511850,62674.0,68518.0,19.09398338968461,20.87439055899432,479626.0,1567.0,2063.8571428571427,0.4773952830780832,0.6287655806936884,-0.30665759545703253,146.12073391296025
404,2021-02-28,28624161,512979,50905.0,67907.28571428571,15.508491949642517,20.68833304826784,475351.0,1129.0,2047.0,0.34395614205179065,0.62362995817539,-0.18605751072648147,144.81833133787487
405,2021-03-01,28680857,514404,56696.0,67511.57142857143,17.272752373576903,20.56777648576202,472581.0,1425.0,2042.857142857143,0.4341341916951299,0.6223678136581813,-0.12055656250581848,143.97443540033416
406,2021-03-02,28738501,515710,57644.0,65473.142857142855,17.561565856894084,19.946757861070516,458312.0,1306.0,1896.857142857143,0.39788017849392254,0.5778880999827504,-0.621018624691505,139.62730502749358
407,2021-03-03,28805113,518079,66612.0,64390.0,20.293717036628767,19.616772353157483,450730.0,2369.0,1776.7142857142858,0.7217290527198335,0.5412859089836923,-0.32998550791303316,137.3174064721024
408,2021-03-04,28872395,520028,67282.0,62875.71428571428,20.497836270618755,19.155436771005267,440130.0,1949.0,1703.0,0.59377371200969,0.5188284410223202,-0.46133558215221626,134.08805739703686
409,2021-03-05,28938090,522511,65695.0,61072.57142857143,20.014347876078286,18.606099250446277,427508.0,2483.0,1746.857142857143,0.7564597880554439,0.532189764014842,-0.5493375205589892,130.2426947531239
410,2021-03-06,28994675,523970,56585.0,60202.71428571428,17.23893560496065,18.341092424057138,421419.0,1459.0,1731.4285714285713,0.4444924811811891,0.5274893637438571,-0.26500682638913986,128.38764696839996
411,2021-03-07,29034739,524646,40064.0,58654.0,12.205720881455218,17.869267985744667,410578.0,676.0,1666.7142857142858,0.20594716742870725,0.5077737959405595,-0.47182443831247056,125.08487590021267
412,2021-03-08,29129252,525466,94513.0,64056.42857142857,28.79391218223285,19.515147958409802,448395.0,820.0,1580.2857142857142,0.24981756995789933,0.481442849978098,1.645879972665135,136.60603570886863
413,2021-03-09,29185151,527351,55899.0,63807.142857142855,17.02994188180075,19.439201676253614,446650.0,1885.0,1663.0,0.574275755330049,0.5066422180975446,-0.07594628215618826,136.07441173377526
414,2021-03-10,29243346,528825,58195.0,62604.71428571428,17.729431077682865,19.07287511068991,438233.0,1474.0,1535.142857142857,0.44906231477798,0.4676898269629941,-0.36632656556370335,133.5101257748294
415,2021-03-11,29305733,530349,62387.0,61905.42857142857,19.006547240199346,18.859833820629994,433338.0,1524.0,1474.4285714285713,0.4642950934339495,0.449192881452174,-0.21304129005991612,132.01883674440995
416,2021-03-12,29369899,532054,64166.0,61687.0,19.54852950477874,18.793288339015778,431809.0,1705.0,1363.2857142857142,0.5194377521685589,0.41533259061119043,-0.06654548161421658,131.55301837311043
417,2021-03-13,29419456,533928,49557.0,60683.0,15.09781623707758,18.487414143603907,424781.0,1874.0,1422.5714285714287,0.5709245440257358,0.4333943138746971,-0.3058741954118709,129.41189900522735
418,2021-03-14,29457445,534497,37989.0,60386.57142857143,11.573560567232484,18.397105527286374,422706.0,569.0,1407.2857142857142,0.17334902110493255,0.42873743582844354,-0.0903086163175324,128.7797386910046
419,2021-03-15,29514609,535250,57164.0,55051.0,17.415331181796777,16.771593955795506,385357.0,753.0,1397.7142857142858,0.22940564655890022,0.42582144677144373,-1.6255115714908683,117.40115769056855
420,2021-03-16,29569140,536494,54531.0,54855.57142857143,16.613173057773423,16.712055552363033,383989.0,1244.0,1306.142857142857,0.3789915329605204,0.3979237007186539,-0.059538403432473075,116.98438886654121
421,2021-03-17,29628071,537671,58931.0,54960.71428571428,17.95365757949874,16.744087909765298,384725.0,1177.0,1263.7142857142858,0.3585796095615213,0.3849975999734455,0.03203235740226518,117.20861536835707
422,2021-03-18,29688541,539229,60470.0,54686.857142857145,18.422522506529475,16.66065580495532,382808.0,1558.0,1268.5714285714287,0.4746533829200087,0.3864773556143111,-0.08343210480997953,116.62459063468721
423,2021-03-19,29749164,540743,60623.0,54180.71428571428,18.469134809216744,16.506456562732176,379265.0,1514.0,1241.2857142857142,0.4612485377027556,0.37816461069062496,-0.15419924222314307,115.54519593912522
424,2021-03-20,29803589,541515,54425.0,54876.142857142855,16.58087956702277,16.718322752724344,384133.0,772.0,1083.857142857143,0.2351941024481686,0.33020311903668675,0.21186618999216833,117.02825926907042
425,2021-03-21,29837782,541963,34193.0,54333.857142857145,10.41708801167128,16.553112387644173,380337.0,448.0,1066.5714285714287,0.13648569675748645,0.3249369298441945,-0.16521036508017062,115.87178671350921
426,2021-03-22,29892498,542611,54716.0,53984.142857142855,16.66953433880051,16.44656998150185,377889.0,648.0,1051.5714285714287,0.19741681138136433,0.32036709624740356,-0.10654240614232435,115.12598987051294
427,2021-03-23,29949244,543504,56746.0,54300.57142857143,17.28798515223287,16.54297170928177,380104.0,893.0,1001.4285714285714,0.27205742679561473,0.30509079536670286,0.09640172777992007,115.8008019649724
428,2021-03-24,30029147,545094,79903.0,57296.57142857143,24.342894258958573,17.45571980634746,401076.0,1590.0,1060.4285714285713,0.48440236125982916,0.3230654741807468,0.9127480970656912,122.19003864443222
429,2021-03-25,30098263,546364,69116.0,58531.71428571428,21.05657459171972,17.832012961374637,409722.0,1270.0,1019.2857142857143,0.38691257786162453,0.3105310734581205,0.3762931550271773,124.82409072962245
430,2021-03-26,30172762,547624,74499.0,60514.0,22.69653554182139,18.43592735174673,423598.0,1260.0,983.0,0.38386602213043064,0.29947642837635974,0.6039143903720934,129.05149146222712
431,2021-03-27,30233462,548404,60700.0,61410.42857142857,18.49259328834694,18.709029311935897,429873.0,780.0,984.1428571428571,0.23763134703312372,0.29982460617421053,0.273101960189166,130.96320518355128
432,2021-03-28,30277977,548894,44515.0,62885.0,13.56174283740962,19.158265715612803,440195.0,490.0,990.1428571428571,0.1492812308285008,0.3016525396129269,0.4492364036769061,134.10786000928962
433,2021-03-29,30348716,549579,70739.0,65174.0,21.551030586892487,19.855622322483082,456218.0,685.0,995.4285714285714,0.20868906758678174,0.30326286192798646,0.6973566068702794,138.9893562573816
434,2021-03-30,30410950,550526,62234.0,65958.0,18.95993493751208,20.09447229180869,461706.0,947.0,1003.1428571428571,0.2885088277440617,0.30561306206347894,0.23884996932560654,140.6613060426608
435,2021-03-31,30478886,551661,67936.0,64248.42857142857,20.697081015438837,19.573641828448725,449739.0,1135.0,938.1428571428571,0.345784075490507,0.2858104498107186,-0.5208304633599639,137.01549279914107
436,2021-04-01,30556079,552618,77193.0,65402.28571428572,23.517277655805024,19.925170837603766,457816.0,957.0,893.4285714285714,0.29155538347525567,0.27218799346980876,0.3515290091550405,139.4761958632264
437,2021-04-02,30624668,553574,68589.0,64558.0,20.8960211046858,19.66795448944154,451906.0,956.0,850.0,0.29125072790213624,0.258957237151481,-0.25721634816222405,137.6756814260908
438,2021-04-03,30688804,554327,64136.0,65048.857142857145,19.53938983758516,19.81749685361843,455342.0,753.0,846.1428571428571,0.22940564655890022,0.2577821370837348,0.14954236417688804,138.722477975329
439,2021-04-04,30725627,554599,36823.0,63950.0,11.218332168975277,19.482723900984954,447650.0,272.0,815.0,0.08286631588847392,0.24829429209230236,-0.3347729526334753,136.37906730689465
440,2021-04-05,30802221,555129,76594.0,64786.42857142857,23.334788967506512,19.737546526786957,453505.0,530.0,792.8571428571429,0.1614674537532764,0.24154834725894445,0.254822625802003,138.1628256875087
441,2021-04-06,30864193,556038,61972.0,64749.0,18.8801151773548,19.726143703907344,453243.0,909.0,787.4285714285714,0.27693191596552497,0.2398945027191535,-0.011402822879613694,138.0830059273514
442,2021-04-07,30937283,558609,73090.0,65485.28571428572,22.267275839296172,19.95045725017268,458397.0,2571.0,992.5714285714286,0.7832694784899502,0.30239241743335965,0.22431354626533562,139.65320075120874
443,2021-04-08,31017741,559611,80458.0,65951.71428571429,24.511978102039834,20.09255731392051,461662.0,1002.0,999.0,0.30526488426562814,0.30435091754627,0.14210006374782935,140.64790119744356
444,2021-04-09,31099323,560557,81582.0,67807.85714285714,24.854410966226023,20.658041579854824,474655.0,946.0,997.5714285714286,0.28820417217094235,0.30391569529895657,0.565484265934316,144.60629105898377
445,2021-04-10,31164081,561261,64758.0,67896.71428571429,19.728885604065418,20.68511240363772,475277.0,704.0,990.5714285714286,0.21447752347605012,0.30178310628712085,0.02707082378289627,144.79578682546403
446,2021-04-11,31212058,561562,47977.0,69490.14285714286,14.616460431548944,21.1705592982911,486431.0,301.0,994.7142857142857,0.09170132750893621,0.30304525080432976,0.48544689465337854,148.1939150880377
447,2021-04-12,31283990,562027,71932.0,68824.14285714286,21.91448468562392,20.967658686593587,481769.0,465.0,985.4285714285714,0.14166484150051606,0.30021630619679257,-0.20290061169751183,146.77361080615512
448,2021-04-13,31361311,563010,77321.0,71016.85714285714,23.556273569164308,21.635681313994944,497118.0,983.0,996.0,0.2994764283763598,0.30343695082691186,0.6680226274013563,151.44976919796463
449,2021-04-14,31437061,563945,75750.0,71396.85714285714,23.077659663793746,21.751450431780313,499778.0,935.0,762.2857142857143,0.2848529608666291,0.23223459116643738,0.11576911778536925,152.2601530224622
450,2021-04-15,31510755,564862,73694.0,70430.57142857143,22.451287805460282,21.45706610369752,493014.0,917.0,750.1428571428571,0.27936916055048006,0.2285352020642734,-0.294384328082792,150.19946272588265
451,2021-04-16,31589109,565797,78354.0,69969.42857142857,23.870982776196637,21.31657636226475,489786.0,935.0,748.5714285714286,0.2848529608666291,0.22805645759222862,-0.14048974143276993,149.21603453585325
452,2021-04-17,31642983,566474,53874.0,68414.57142857143,16.413014346233986,20.84288046828883,478902.0,677.0,744.7142857142857,0.20625182300182662,0.2268813575244824,-0.47369589397592193,145.90016327802184
453,2021-04-18,31684382,566832,41399.0,67474.85714285714,12.612436071569602,20.55659127400607,472324.0,358.0,752.8571428571429,0.1090666951767414,0.22936212433416886,-0.2862891942827588,143.89613891804248
454,2021-04-19,31754642,567317,70260.0,67236.0,21.4051005673683,20.48382211425527,470652.0,485.0,755.7142857142857,0.14775795296290387,0.2302325688287957,-0.072769159750802,143.38675479978684
455,2021-04-20,31815666,568149,61024.0,64907.857142857145,18.591301694037618,19.774540417808595,454355.0,832.0,734.1428571428571,0.25347343683533197,0.22366071289436315,-0.7092816964466735,138.4217829246602
456,2021-04-21,31878161,568989,62495.0,63014.28571428572,19.03945004209624,19.19765332899467,441100.0,840.0,720.5714285714286,0.2559106814202871,0.21952610154488572,-0.5768870888139261,134.38357330296267
457,2021-04-22,31944402,569900,66241.0,61949.57142857143,20.180689819001472,18.873282188071983,433647.0,911.0,719.7142857142857,0.27754122711176377,0.21926496819649768,-0.32437114092268615,132.11297531650385
458,2021-04-23,32008186,570773,63784.0,59868.142857142855,19.432151075847134,18.239163373736336,419077.0,873.0,710.8571428571429,0.26596431533322695,0.21656659026315453,-0.6341188143356469,127.67414361615435
459,2021-04-24,32058654,571498,50468.0,59381.57142857143,15.375357464189344,18.090926676301386,415671.0,725.0,717.7142857142857,0.2208752905115573,0.2186556570502589,-0.1482366974349496,126.6364867341097
460,2021-04-25,32092245,571780,33591.0,58266.142857142855,10.23368535665341,17.751105145599077,407863.0,282.0,706.8571428571429,0.08591287161966782,0.21534796797067696,-0.33982153070230936,124.25773601919352
461,2021-04-26,32139580,572259,47335.0,54991.142857142855,14.420871553606297,16.753358143633072,384938.0,479.0,706.0,0.14593001952418752,0.21508683462228892,-0.9977470019660046,117.27350700543153
462,2021-04-27,32191457,572972,51877.0,53684.42857142857,15.804617166714566,16.355260354015492,375791.0,713.0,689.0,0.21721942363412464,0.2099076898792593,-0.39809778961758013,114.48682247810846
463,2021-04-28,32246275,573906,54818.0,52587.71428571428,16.70060920725869,16.021140234752988,368114.0,934.0,702.4285714285714,0.28454830529350966,0.21399877900400538,-0.3341201192625043,112.14798164327091
464,2021-04-29,32303857,574780,57582.0,51350.71428571428,17.54267721136068,15.644281290804303,359455.0,874.0,697.1428571428571,0.2662689709063463,0.21238845668894576,-0.3768589439486849,109.50996903563012
465,2021-04-30,32362374,575640,58517.0,50598.28571428572,17.82753017222731,15.415049733144329,354188.0,860.0,695.2857142857143,0.2620037928826749,0.21182266776743833,-0.22923155765997372,107.90534813201029
466,2021-05-01,32407133,576355,44759.0,49782.71428571428,13.63607879725075,15.1665813521531,348479.0,715.0,693.8571428571429,0.21782873478036344,0.21138744552012487,-0.2484683809912287,106.1660694650717
467,2021-05-02,32436765,576667,29632.0,49217.142857142855,9.027553942673746,14.99427686444172,344520.0,312.0,698.1428571428571,0.09505253881324949,0.21269311226206514,-0.17230448771138107,104.95993805109204
468,2021-05-03,32486709,577126,49944.0,49589.857142857145,15.215717943874784,15.107826348765789,347129.0,459.0,695.2857142857143,0.13983690806179974,0.21182266776743833,0.11354948432406964,105.75478444136053
469,2021-05-04,32527664,578030,40955.0,48029.57142857143,12.477168997104593,14.63247661025008,336207.0,904.0,722.5714285714286,0.275408638099928,0.2201354126911245,-0.4753497385157086,102.42733627175056
470,2021-05-05,32572383,578806,44719.0,46586.857142857145,13.623892574325975,14.192945662688263,326108.0,776.0,700.0,0.23641272474064617,0.21325890118357257,-0.439530947561817,99.35061963881785
471,2021-05-06,32620077,579638,47694.0,45174.28571428572,14.53024290435616,13.76259790454476,316220.0,832.0,694.0,0.25347343683533197,0.21143096774485623,-0.4303477581435029,96.33818533181332
472,2021-05-07,32667570,580450,47493.0,43599.42857142857,14.469007134159162,13.282808899106453,305196.0,812.0,687.1428571428571,0.24738032537294422,0.20934190095775188,-0.4797890054383078,92.97966229374518
473,2021-05-08,32701236,581054,33666.0,42014.71428571428,10.256534524637363,12.800016860161682,294103.0,604.0,671.2857142857143,0.1840119661641112,0.20451093401257298,-0.48279203894477085,89.60011802113178
474,2021-05-09,32723564,581300,22328.0,40971.28571428572,6.802349636609727,12.482130530723966,286799.0,246.0,661.8571428571429,0.07494527098736979,0.20163846718030445,-0.3178863294377159,87.37491371506776
475,2021-05-10,32760121,581670,36557.0,39058.857142857145,11.137293786525518,11.8994985082455,273412.0,370.0,649.1428571428571,0.11272256205417408,0.19776498917921506,-0.5826320224784656,83.2964895577185
476,2021-05-11,32794162,582363,34041.0,38071.142857142855,10.370780364557135,11.598585846453005,266498.0,693.0,619.0,0.21112631217173686,0.18858179976090203,-0.3009126617924949,81.19010092517104
477,2021-05-12,32829645,583211,35483.0,36751.71428571428,10.810093700995294,11.196614578834337,257262.0,848.0,629.2857142857143,0.2583479260052422,0.19171539994155862,-0.4019712676186682,78.37630205184036
478,2021-05-13,32868084,583991,38439.0,35429.57142857143,11.71065557513621,10.793816388945771,248007.0,780.0,621.8571428571429,0.23763134703312372,0.18945224425552887,-0.40279818988856597,75.55671472262041
479,2021-05-14,32909065,584723,40981.0,34499.28571428572,12.485090042005698,10.51039966149528,241495.0,732.0,610.4285714285714,0.22300787952339304,0.18597046627702157,-0.28341672745049173,73.57279763046694
480,2021-05-15,32938115,585282,29050.0,33839.857142857145,8.850244399118262,10.309501072135406,236879.0,559.0,604.0,0.1703024653737387,0.18401196616411122,-0.20089858935987337,72.16650750494783
481,2021-05-16,32954825,585574,16710.0,33037.28571428572,5.090794626824997,10.064993213594732,231261.0,292.0,610.5714285714286,0.08895942735086171,0.18601398850175288,-0.2445078585406737,70.45495249516311
482,2021-05-17,32984032,585958,29207.0,31987.285714285714,8.898075324098006,9.745104861819371,223911.0,384.0,612.5714285714286,0.11698774007784553,0.18662329964799168,-0.31988835177536146,68.2157340327356
483,2021-05-18,33011895,586825,27863.0,31104.714285714286,8.488618233825546,9.476224557429145,217733.0,867.0,637.4285714285714,0.2641363818945106,0.19419616675124507,-0.26888030439022614,66.33357190200401
484,2021-05-19,33040689,587500,28794.0,30149.14285714286,8.772252572399697,9.1851043962012,211044.0,675.0,612.7142857142857,0.20564251185558788,0.18666682187272302,-0.29112016122794415,64.29573077340842
485,2021-05-20,33070307,588154,29618.0,28889.0,9.023288764650076,8.80119485184604,202223.0,654.0,594.7142857142857,0.1992447448200807,0.181183021556574,-0.383909544355161,61.60836396292229
486,2021-05-21,33107107,588850,36800.0,28291.714285714286,11.21132509079353,8.619228430244302,198042.0,696.0,589.5714285714286,0.212040278891095,0.17961622146624573,-0.1819664216017376,60.33459901171012
487,2021-05-22,33117634,589329,10527.0,25645.571428571428,3.2071092182278127,7.813066261545666,179519.0,479.0,578.1428571428571,0.14593001952418752,0.1761344434877384,-0.806162168698636,54.69146383081967
488,2021-05-23,33131784,589518,14150.0,25279.85714285714,4.3108763596393604,7.701649366233433,176959.0,189.0,563.4285714285714,0.057579903319564606,0.17165165434041027,-0.11141689531223342,53.911545563634036
489,2021-05-24,33157412,589935,25628.0,24768.571428571428,7.807713027903712,7.545883323919961,173380.0,417.0,568.1428571428571,0.12704137399078538,0.17308788775654452,-0.1557660423134717,52.82118326743973
490,2021-05-25,33180250,590635,22838.0,24050.714285714286,6.957723978900615,7.327184144644972,168355.0,700.0,544.2857142857143,0.21325890118357257,0.16581967622641053,-0.2186991792749886,51.290289012514805
491,2021-05-26,33203636,591601,23386.0,23278.14285714286,7.124675232970041,7.0918159532978775,162947.0,966.0,585.8571428571429,0.2942972836333302,0.17848464362323085,-0.23536819134709486,49.642711673085145
492,2021-05-27,33231383,592942,27747.0,23010.85714285714,8.453278187343697,7.010385870825538,161076.0,1341.0,684.0,0.40854312355310113,0.20838441201366234,-0.0814300824723393,49.07270109577877
493,2021-05-28,33253407,593701,22024.0,20900.0,6.709734342381433,6.367301478195238,146300.0,759.0,693.0,0.23123357999761654,0.21112631217173686,-0.6430843926302998,44.57111034736667
494,2021-05-29,33264967,594040,11560.0,21047.571428571428,3.521818425260142,6.412259936342714,147333.0,339.0,673.0,0.103278239287473,0.20503320070934908,0.04495845814747579,44.885819554399
495,2021-05-30,33272409,594171,7442.0,20089.285714285714,2.267246775154496,6.120312852844877,140625.0,131.0,664.7142857142857,0.03990988007864001,0.20250891167493126,-0.2919470834978375,42.84218996991414
496,2021-05-31,33277912,594321,5503.0,17214.285714285714,1.676519618876,5.2444280801266325,120500.0,150.0,626.5714285714286,0.04569833596790841,0.19088847767166311,-0.8758847727182442,36.71099656088643
497,2021-06-01,33300482,594841,22570.0,17176.0,6.876076285304619,5.232764123898633,120232.0,520.0,600.8571428571429,0.15842089802208248,0.1830544772200217,-0.011663956227999428,36.62934886729043
498,2021-06-02,33317340,595435,16858.0,16243.42857142857,5.135883651646666,4.948651040852437,113704.0,594.0,547.7142857142857,0.1809654104329173,0.16686420961996268,-0.2841130830461962,34.640557285967056
499,2021-06-03,33336811,596051,19471.0,15061.142857142857,5.931948664207631,4.588461108975856,105428.0,616.0,444.14285714285717,0.18766783304154386,0.13531059668974024,-0.3601899318765813,32.11922776283099
500,2021-06-04,33312812,596190,-23999.0,8486.42857142857,-7.311429099292226,2.5854377601653327,59405.0,139.0,355.57142857142856,0.04234712466359512,0.10832681735630859,-2.003023348810523,18.098064321157327
501,2021-06-05,33323260,596565,10448.0,8327.57142857143,3.1830414279513803,2.5370410462640813,58293.0,375.0,360.7142857142857,0.11424583991977103,0.10989361744663691,-0.04839671390125133,17.759287323848564
502,2021-06-06,33329413,596817,6153.0,8143.428571428572,1.874545741403603,2.4809408985853816,57004.0,252.0,378.0,0.07677320442608614,0.11515980663912918,-0.05610014767869975,17.366586290097672
503,2021-06-07,33348865,597153,19452.0,10136.142857142857,5.926160208318362,3.0880324113628626,70953.0,336.0,404.57142857142856,0.10236427256811484,0.12325494043915868,0.607091512777481,21.616226879540037
504,2021-06-08,33363050,597528,14185.0,8938.285714285714,4.321539304698539,2.723098556990565,62568.0,375.0,383.85714285714283,0.11424583991977103,0.11694421785311418,-0.36493385437229753,19.061689898933956
505,2021-06-09,33383714,598100,20664.0,9482.0,6.295402762939063,2.8887441443180504,66374.0,572.0,380.7142857142857,0.17426298782429075,0.11598672890902469,0.16564558732748536,20.221209010226353
506,2021-06-10,33399513,598560,15799.0,8957.42857142857,4.813253399713234,2.7289305351045647,62702.0,460.0,358.42857142857144,0.14014156363491911,0.10919726185093544,-0.15981360921348564,19.102513745731954
507,2021-06-11,33416340,599077,16827.0,14789.714285714286,5.1264393288799655,4.505768881986307,103528.0,517.0,412.42857142857144,0.15750693130272433,0.12564866279938247,1.7768383468817421,31.540382173904145
508,2021-06-12,33424619,599247,8279.0,14479.857142857143,2.5222434898554247,4.411369176544027,101359.0,170.0,383.14285714285717,0.0517914474302962,0.11672660672945748,-0.09439970544227982,30.87958423580819
509,2021-06-13,33431406,599342,6787.0,14570.42857142857,2.0676973747612957,4.4389622670236974,101993.0,95.0,360.7142857142857,0.028942279446341992,0.10989361744663691,0.0275930904796704,31.072735869165886
510,2021-06-14,33446525,599552,15119.0,13951.42857142857,4.6060876099920485,4.250380467262795,97660.0,210.0,342.7142857142857,0.06397767035507178,0.10440981713048789,-0.18858179976090206,29.75266327083957
511,2021-06-15,33458397,600004,11872.0,13621.0,3.616870964073391,4.149713561459203,95347.0,452.0,353.7142857142857,0.137704319049964,0.10776102843480118,-0.1006669058035925,29.047994930214422
512,2021-06-16,33472808,600428,14411.0,12727.714285714286,4.390391464223521,3.8775690902141258,89094.0,424.0,332.57142857142856,0.1291739630026211,0.10131973917456263,-0.2721444712450771,27.14298363149888
513,2021-06-17,33484995,600716,12187.0,12211.714285714286,3.712837469605999,3.720366814484521,85482.0,288.0,308.0,0.08774080505838415,0.09383391652077196,-0.15720227572960477,26.042567701391643
514,2021-06-18,33497695,601185,12700.0,11622.142857142857,3.869125778616245,3.5407505930182746,81355.0,469.0,301.14285714285717,0.14288346379299363,0.09174484973366755,-0.17961622146624645,24.785254151127923
515,2021-06-19,33505275,601354,7580.0,11522.285714285714,2.309289244244972,3.5103285579310675,80656.0,169.0,301.0,0.05148679185717681,0.09170132750893621,-0.03042203508720709,24.572299905517472
516,2021-06-20,33509338,601444,4063.0,11133.142857142857,1.2378155935840793,3.3917740177628937,77932.0,90.0,300.2857142857143,0.027419001580745044,0.09148371638527951,-0.1185545401681738,23.742418124340254
517,2021-06-21,33525182,601732,15844.0,11236.714285714286,4.826962900503606,3.423327630693116,78657.0,288.0,311.42857142857144,0.08774080505838415,0.09487844991432413,0.0315536129302223,23.96329341485181
518,2021-06-22,33537943,602164,12761.0,11363.714285714286,3.887709768576528,3.462018888479278,79546.0,432.0,308.57142857142856,0.13161120758757622,0.09400800541969731,0.038691257786162225,24.234132219354947
519,2021-06-23,33551974,602562,14031.0,11309.42857142857,4.274622346438153,3.445480443081369,79166.0,398.0,304.85714285714283,0.12125291810151699,0.09287642757668244,-0.016538445397909385,24.11836310156958
520,2021-06-24,33566669,602917,14695.0,11667.714285714286,4.476913646989427,3.554634182707573,81674.0,355.0,314.42857142857144,0.10815272845738325,0.09579241663368229,0.10915373962620434,24.882439278953008
521,2021-06-25,33581632,603375,14963.0,11991.0,4.558561340585424,3.653124977274598,83937.0,458.0,312.85714285714283,0.13953225248868034,0.09531367216163754,0.09849079456702503,25.57187484092219
522,2021-06-26,33588423,603501,6791.0,11878.285714285714,2.0689159970537734,3.61878594196157,83148.0,126.0,306.7142857142857,0.03838660221304307,0.09344221649818986,-0.03433903531302818,25.33150159373099
523,2021-06-27,33592510,603597,4087.0,11881.714285714286,1.2451273273389445,3.6198304753551223,83172.0,96.0,307.57142857142856,0.029246935019461382,0.09370334984657791,0.0010445333935522605,25.338813327485855
524,2021-06-28,33608058,603758,15548.0,11839.42857142857,4.736784850860266,3.606947896834645,82876.0,161.0,289.42857142857144,0.04904954727222169,0.08817602730569758,-0.01288257852047714,25.248635277842517
525,2021-06-29,33623787,604137,15729.0,12263.42857142857,4.791927509594876,3.736121859837266,85844.0,379.0,281.85714285714283,0.11546446221224858,0.08586934939493647,0.12917396300262096,26.152853018860863
526,2021-06-30,33639764,604460,15977.0,12541.42857142857,4.867482091728484,3.8208161091644564,87790.0,323.0,271.14285714285717,0.09840375011756278,0.08260518254008588,0.08469424932719027,26.745712764151197
527,2021-07-01,33704723,604707,64959.0,19722.0,19.790121374262416,6.008417213060598,138054.0,247.0,255.71428571428572,0.07524992656048918,0.07790478226910101,2.187601103896142,42.05892049142418
528,2021-07-02,33725159,604973,20436.0,20503.85714285714,6.225941292267842,6.246614349015229,143527.0,266.0,228.28571428571428,0.08103838244975758,0.06954851512068347,0.2381971359546311,43.7263004431066
529,2021-07-03,33729152,605059,3993.0,20104.14285714286,1.2164897034657218,6.124839164216936,140729.0,86.0,222.57142857142858,0.026200379288267493,0.06780762613142981,-0.12177518479829352,42.87387414951855
530,2021-07-04,33732074,605096,2922.0,19937.714285714286,0.8902035846548559,6.074135772404923,139564.0,37.0,214.14285714285714,0.011272256205417408,0.06523981487228067,-0.050703391812012555,42.51895040683446
531,2021-07-05,33736665,605137,4591.0,18372.428571428572,1.3986737361911168,5.597262756023617,128607.0,41.0,197.0,0.012490878497894965,0.060017147904519716,-0.4768730163813064,39.18083929216531
532,2021-07-06,33763742,605454,27077.0,19993.571428571428,8.249158953353707,6.091152962274878,139955.0,317.0,188.14285714285714,0.09657581667884645,0.05731876997117654,0.4938902062512609,42.638070735924146
533,2021-07-07,33793961,605776,30219.0,22028.14285714286,9.206386764094828,6.710996486898641,154197.0,322.0,188.0,0.09809909454444338,0.05727524774644521,0.6198435246237635,46.976975408290485
534,2021-07-08,33843194,606142,49233.0,19781.571428571428,14.9991078313869,6.026565980773568,138471.0,366.0,205.0,0.11150393976169652,0.062454392489474826,-0.6844305061250733,42.18596186541497
535,2021-07-09,33878529,606549,35335.0,21910.0,10.765004676173625,6.675003607045823,153370.0,407.0,225.14285714285714,0.12399481825959148,0.06859102617659396,0.6484376262722549,46.72502524932076
536,2021-07-10,33886287,606637,7758.0,22447.85714285714,2.363517936260223,6.838864783159322,157135.0,88.0,225.42857142857142,0.026809690434506265,0.06867807062605664,0.1638611761134996,47.872053482115255
537,2021-07-11,33891830,606667,5543.0,22822.285714285714,1.6887058418007757,6.952936534180168,159756.0,30.0,224.42857142857142,0.00913966719358168,0.06837341505293724,0.11407175102084555,48.670555739261175
538,2021-07-12,33927213,606940,35383.0,27221.14285714286,10.779628143683356,8.293072878107631,190548.0,273.0,257.57142857142856,0.0831709714615933,0.07847057119060843,1.3401363439274636,58.051510146753415
539,2021-07-13,33970195,607372,42982.0,29493.285714285714,13.094705843817595,8.985293862459615,206453.0,432.0,274.0,0.13161120758757622,0.08347562703471269,0.6922209843519838,62.897057037217294
540,2021-07-14,34008250,607765,38055.0,30612.714285714286,11.593667835058364,9.326334015454405,214289.0,393.0,284.14285714285717,0.11972964023592005,0.08656570499063794,0.34104015299478974,65.28433810818083
541,2021-07-15,34044268,608103,36018.0,28724.85714285714,10.973084432614167,8.75118781562973,201074.0,338.0,280.14285714285717,0.10297358371435363,0.08534708269816038,-0.5751461998246743,61.258314709408104
542,2021-07-16,34096492,608460,52224.0,31137.571428571428,15.910332650586993,9.486234669117353,217963.0,357.0,273.0,0.10876203960362202,0.08317097146159332,0.7350468534876224,66.40364268382147
543,2021-07-17,34108937,608543,12445.0,31807.14285714286,3.7914386074708015,9.69022333643315,222650.0,83.0,272.2857142857143,0.02528641256890932,0.08295336033793661,0.20398866731579623,67.83156335503205
544,2021-07-18,34117964,608580,9027.0,32304.85714285714,2.7501258585487283,9.841854767397143,226134.0,37.0,273.2857142857143,0.011272256205417408,0.083258015911056,0.15163143096399345,68.89298337178
545,2021-07-19,34177146,608811,59182.0,35704.71428571428,18.030126128351704,10.877640193778335,249933.0,231.0,267.2857142857143,0.07037543739057896,0.08143008247233965,1.0357854263811923,76.14348135644835
546,2021-07-20,34239257,609111,62111.0,38437.42857142857,18.922462302018396,11.710176830664166,269062.0,300.0,248.42857142857142,0.09139667193581683,0.07568514880780261,0.8325366368858305,81.97123781464916
547,2021-07-21,34299310,609508,60053.0,41580.0,18.295481132538693,12.667578730304212,291060.0,397.0,249.0,0.12094826252839759,0.07585923770672796,0.9574018996400468,88.67305111212947
548,2021-07-22,34364829,609870,65519.0,45794.42857142857,19.960728495209274,13.951527882103514,320561.0,362.0,252.42857142857142,0.11028531746921896,0.07690377110028015,1.2839491517993018,97.66069517472458
549,2021-07-23,34447610,610313,82781.0,50159.71428571428,25.219692998396173,15.281436503219112,351118.0,443.0,264.7142857142857,0.1349624188918895,0.08064668242717551,1.3299086211155977,106.97005552253377
550,2021-07-24,34469200,610414,21590.0,51466.142857142855,6.5775138236476165,15.679447248387225,360263.0,101.0,267.2857142857143,0.03077021288505833,0.08143008247233965,0.3980107451681132,109.7561307387106
551,2021-07-25,34483033,610463,13833.0,52152.71428571428,4.214300542960514,15.888615060446053,365069.0,49.0,269.0,0.01492812308285008,0.08195234916911576,0.20916781205882806,111.22030542312237
552,2021-07-26,34576119,610722,93086.0,56996.142857142855,28.359168679391484,17.36419256773745,398973.0,259.0,273.0,0.07890579343792185,0.08317097146159332,1.4755775072913977,121.54934797416215
553,2021-07-27,34682937,611206,106818.0,63382.857142857145,32.542699009466936,19.309940668801527,443680.0,484.0,299.2857142857143,0.14745329738978447,0.09117906081216011,1.9457481010640763,135.16958468161067
554,2021-07-28,34767898,611711,84961.0,66941.14285714286,25.88384214779644,20.393992242409777,468588.0,505.0,314.7142857142857,0.15385106442529164,0.09587946108314498,1.0840515736082494,142.75794569686843
555,2021-07-29,34866192,612104,98294.0,71623.28571428571,29.945814904197263,21.82043315797949,501363.0,393.0,319.14285714285717,0.11972964023592005,0.09722865004981658,1.4264409155697138,152.74303210585643
556,2021-07-30,34988866,612775,122674.0,77322.28571428571,37.373317776847976,23.55666526918689,541256.0,671.0,351.7142857142857,0.2044238895631103,0.10715171728856239,1.7362321112074,164.89665688430824
557,2021-07-31,35018564,612919,29698.0,78480.57142857143,9.047661210499626,23.909543467308602,549364.0,144.0,357.85714285714283,0.043870402529192075,0.10902317295201007,0.3528781981217115,167.36680427116025
558,2021-08-01,35041458,612982,22894.0,79775.0,6.974784690995301,24.30389834559929,558425.0,63.0,359.85714285714283,0.019193301106521534,0.10963248409824886,0.39435487829068805,170.12728841919503
559,2021-08-02,35177628,613440,136170.0,85929.85714285714,41.48494939166726,26.1790098759244,601509.0,458.0,388.2857142857143,0.13953225248868034,0.11829340681978577,1.8751115303251105,183.2530691314708
560,2021-08-03,35327939,614109,150311.0,92143.14285714286,45.79308385114854,28.07192199616463,645002.0,669.0,414.7142857142857,0.2038145784168715,0.1263450183950839,1.8929121202402293,196.50345397315238
561,2021-08-04,35440283,614834,112344.0,96055.0,34.22622570652468,29.26369107598295,672385.0,725.0,446.14285714285717,0.2208752905115573,0.13591990783597901,1.1917690798183216,204.84583753188065
562,2021-08-05,35567255,615408,126972.0,100151.85714285714,38.68272743011511,30.511821436828352,701063.0,574.0,472.0,0.17487229897052953,0.14379743051235178,1.2481303608454013,213.58275005779848
563,2021-08-06,35735606,616257,168351.0,106677.14285714286,51.28907039022233,32.49978609588184,746740.0,849.0,497.42857142857144,0.2586525815783616,0.15154438651453053,1.9879646590534854,227.49850267117284
564,2021-08-07,35777721,616463,42115.0,108451.0,12.830569461923083,33.040201560370896,759157.0,206.0,506.2857142857143,0.06275904806259422,0.15424276444787371,0.5404154644890582,231.2814109225963
565,2021-08-08,35813789,616594,36068.0,110333.0,10.988317211270138,33.61356334898159,772331.0,131.0,516.0,0.03990988007864001,0.15720227572960493,0.573361788610697,235.29494344287113
566,2021-08-09,35992480,617314,178691.0,116407.42857142857,54.439209016276806,35.464171866782955,814852.0,720.0,553.4285714285714,0.21935201264596035,0.16860509860921633,1.850608517801362,248.24920306748072
567,2021-08-10,36154571,618363,162091.0,118090.28571428571,49.38192650249495,35.97686367411816,826632.0,1049.0,607.7142857142857,0.3195836962022395,0.18514354400712607,0.5126918073352016,251.8380457188271
568,2021-08-11,36310148,618701,155577.0,124266.42857142857,47.397400099195245,37.85846001592824,869865.0,338.0,552.4285714285714,0.10297358371435363,0.16830044303609698,1.8815963418100807,265.00922011149765
569,2021-08-12,36448857,619723,138709.0,125943.14285714286,42.258469891817384,38.36928036759999,881602.0,1022.0,616.4285714285714,0.311357995728016,0.18779839971573792,0.5108203516717538,268.58496257319996
570,2021-08-13,36636249,620809,187392.0,128663.28571428571,57.09001715798862,39.197987048709464,900643.0,1086.0,650.2857142857143,0.3308559524076569,0.1981131669770658,0.8287066811094732,274.38590934096624
571,2021-08-14,36686066,621051,49817.0,129763.57142857143,15.177026686088622,39.53319522359025,908345.0,242.0,655.4285714285714,0.07372664869489223,0.19967996706739408,0.33520817488078336,276.73236656513177
572,2021-08-15,36729884,621228,43818.0,130870.71428571429,13.349397902945404,39.87049246525815,916095.0,177.0,662.0,0.05392403644213192,0.20168198940503576,0.33729724166790476,279.09344725680705
573,2021-08-16,36989377,622244,259493.0,142413.85714285713,79.05598863546972,43.387175268,996897.0,1016.0,704.2857142857143,0.30953006228929963,0.21456456792551284,3.5166828027418475,303.7102268759999
574,2021-08-17,37133674,623237,144297.0,139871.85714285713,43.96088523440853,42.6127408011305,979103.0,993.0,696.2857142857143,0.3025229841075537,0.2121273233405577,-0.7744344668695007,298.2891856079135
575,2021-08-18,37298543,624365,164869.0,141199.2857142857,50.22825968462061,43.01714931333413,988395.0,1128.0,809.1428571428571,0.3436514864786713,0.24650988087831735,0.4044085122036307,301.1200451933389
576,2021-08-19,37458349,626099,159806.0,144213.14285714287,48.685788517917146,43.93533768849123,1009492.0,1734.0,910.8571428571429,0.5282727637890212,0.2774977048870324,0.9181883751571007,307.54736381943866
577,2021-08-20,37657643,627631,199294.0,145913.42857142858,60.71602778925559,44.453339207243665,1021394.0,1532.0,974.5714285714286,0.46673233801890457,0.29690861711721067,0.5180015187524347,311.1733744507056
578,2021-08-21,37737034,628100,79391.0,150138.2857142857,24.186910605521444,45.74046548144835,1050968.0,469.0,1007.0,0.14288346379299363,0.3067881621312251,1.287126274204681,320.18325837013845
579,2021-08-22,37777607,628285,40573.0,149674.7142857143,12.360790568172986,45.599235862195144,1047723.0,185.0,1008.1428571428571,0.05636128102708704,0.30713633992907585,-0.14122961925320254,319.194651035366
580,2021-08-23,38043754,629644,266147.0,150625.2857142857,81.08316681900614,45.88883274555749,1054377.0,1359.0,1057.142857142857,0.4140269238692502,0.3220644630119259,0.2895968833623428,321.2218292189024
581,2021-08-24,38193951,631057,150197.0,151468.14285714287,45.75835311581293,46.145613871472406,1060277.0,1413.0,1117.142857142857,0.4304783248176972,0.3403437973990893,0.25678112591491953,323.01929710030686
582,2021-08-25,38364887,632522,170936.0,152334.85714285713,52.07660504673594,46.40966320891745,1066344.0,1465.0,1165.2857142857142,0.44632041461990546,0.3550107871335514,0.26404933744504433,324.86764246242217
583,2021-08-26,38552648,634735,187761.0,156328.42857142858,57.202435064469675,47.62632700128211,1094299.0,2213.0,1233.7142857142858,0.6742027833132087,0.37585793277986385,1.2166637923646562,333.38428900897475
584,2021-08-27,38748559,636509,195911.0,155845.14285714287,59.68537798539269,47.47909131501597,1090916.0,1774.0,1268.2857142857142,0.5404589867137968,0.3863903111648485,-0.1472356862661357,332.3536392051118
585,2021-08-28,38833818,637076,85259.0,156683.42857142858,25.97462950858602,47.73447972973948,1096784.0,567.0,1282.2857142857142,0.17273970995869378,0.39065548918851994,0.25538841472351237,334.1413581081764
586,2021-08-29,38875976,637356,42158.0,156909.85714285713,12.843669651567218,47.80346245593866,1098369.0,280.0,1295.857142857143,0.08530356047342903,0.39479010053799735,0.06898272619917378,334.6242371915706
587,2021-08-30,39156379,639081,280403.0,158946.42857142858,85.42633666939615,48.42391529170867,1112625.0,1725.0,1348.142857142857,0.5255308636309468,0.41071923478966826,0.6204528357700099,338.96740704196066
588,2021-08-31,39316629,640519,160250.0,160382.57142857142,48.82105559238215,48.86144421693284,1122678.0,1438.0,1351.7142857142858,0.43809471414568196,0.41180729040795183,0.4375289252241714,342.03010951852985
589,2021-09-01,39527624,642454,210995.0,166105.2857142857,64.28080265032557,50.604901017445634,1162737.0,1935.0,1418.857142857143,0.5895085339860184,0.43226273603168225,1.7434568005127957,354.23430712211945
590,2021-09-02,39703320,645391,175696.0,164381.7142857143,53.526765574784235,50.079805376062,1150672.0,2937.0,1522.2857142857142,0.8947734182516466,0.46377282673717335,-0.5250956413836363,350.55863763243406
591,2021-09-03,39894795,647370,191475.0,163748.0,58.333925863035084,49.88674078715378,1146236.0,1979.0,1551.5714285714287,0.6029133792032716,0.47269488280709826,-0.19306458890822142,349.20718551007644
592,2021-09-04,39960849,647896,66054.0,161004.42857142858,20.123719226828147,49.050896461188366,1127031.0,526.0,1545.7142857142858,0.16024883146079882,0.47091047159311333,-0.8358443259654109,343.35627522831857
593,2021-09-05,40005266,648273,44417.0,161327.14285714287,13.531886591243918,49.14921316685646,1129290.0,377.0,1559.5714285714287,0.1148551510660098,0.4751321273920534,0.09831670566809692,344.04449216799526
594,2021-09-06,40082242,648788,76976.0,132266.14285714287,23.451167396438116,40.29561755643389,925863.0,515.0,1386.7142857142858,0.15689762015648553,0.4224702354671304,-8.853595610422573,282.0693228950372
595,2021-09-07,40383380,651014,301138.0,152393.0,91.74336997802669,46.427376754383104,1066751.0,2226.0,1499.2857142857142,0.6781633057637608,0.45676574855542734,6.131759197949215,324.9916372806818
596,2021-09-08,40567569,653216,184189.0,148563.57142857142,56.11420535728722,45.26071999823478,1039945.0,2202.0,1537.4285714285713,0.6708515720088956,0.4683861825586955,-1.1666567561483276,316.82503998764344
597,2021-09-09,40738140,656448,170571.0,147831.42857142858,51.96540576254736,45.03766859648665,1034820.0,3232.0,1579.5714285714287,0.9846468123218666,0.48122523885444124,-0.22305140174812976,315.26368017540653
598,2021-09-10,40914456,658865,176316.0,145665.85714285713,53.71565203011826,44.37791519178425,1019661.0,2417.0,1642.142857142857,0.7363525202295642,0.5002879732867688,-0.6597534047023998,310.6454063424897
599,2021-09-11,40988382,659556,73926.0,146790.42857142858,22.52196789842398,44.720522144869356,1027533.0,691.0,1665.7142857142858,0.21051700102549806,0.5074691403674401,0.34260695308510947,313.0436550140856
600,2021-09-12,41027940,659854,39558.0,146096.2857142857,12.051565161456805,44.50904765489978,1022674.0,298.0,1654.4285714285713,0.09078736078957804,0.5040308846136641,-0.21147448996957507,311.56333358429845
601,2021-09-13,41312998,661579,285058.0,175822.2857142857,86.84450836226691,53.565239221446745,1230756.0,1725.0,1827.2857142857142,0.5255308636309468,0.5566927765385872,9.056191566546964,374.9566745501272
602,2021-09-14,41465694,664235,152696.0,154616.2857142857,46.51968739303828,47.10471313787697,1082314.0,2656.0,1888.7142857142858,0.8091652022050982,0.5754073331730639,-6.460526083569775,329.7329919651388
603,2021-09-15,41635889,666816,170195.0,152617.14285714287,51.850855267054484,46.495663124986585,1068320.0,2581.0,1942.857142857143,0.7863160342211442,0.5919022563462423,-0.6090500128903855,325.4696418749061
604,2021-09-16,41790772,670234,154883.0,150376.0,47.18596913145039,45.812886463401306,1052632.0,3418.0,1969.4285714285713,1.041312748922073,0.5999973901462718,-0.6827766615852795,320.6902052438091
605,2021-09-17,41957710,672813,166938.0,149036.2857142857,50.85859206540462,45.40473503987078,1043254.0,2579.0,1992.5714285714287,0.7857067230749052,0.607047990552749,-0.40815142353052636,317.8331452790955
606,2021-09-18,42025890,673637,68180.0,148215.42857142858,20.77141697527997,45.15465633656449,1037508.0,824.0,2011.5714285714287,0.2510361922503769,0.6128364464420175,-0.25007870330628634,316.08259435595147
607,2021-09-19,42065846,673939,39956.0,148272.2857142857,12.172818079558322,45.17197818200757,1037906.0,302.0,2012.142857142857,0.0920059830820556,0.613010535340943,0.017321845443078132,316.203847274053
608,2021-09-20,42274012,676191,208166.0,137287.7142857143,63.41893203397082,41.825467277965274,961014.0,2252.0,2087.4285714285716,0.686084350664865,0.6359467477743598,-3.3465109040422973,292.7782709457569
609,2021-09-21,42403987,678556,129975.0,134041.85714285713,39.59760811619264,40.83659880984447,938293.0,2365.0,2045.857142857143,0.720510430427356,0.6232817803775393,-0.9888684681208062,285.85619166891126
610,2021-09-22,42551480,681343,147493.0,130798.71428571429,44.9345644460981,39.84855726399355,915591.0,2787.0,2075.285714285714,0.8490750822837383,0.6322473586721957,-0.9880415458509191,278.9399008479549
611,2021-09-23,42679344,684498,127864.0,126938.85714285714,38.95448020133761,38.67263027397744,888572.0,3155.0,2037.7142857142858,0.9611883331916735,0.6208010135678529,-1.1759269900161087,270.70841191784206
612,2021-09-24,42819355,687247,140011.0,123092.14285714286,42.65513144801883,37.500707328636615,861645.0,2749.0,2062.0,0.8374981705052014,0.6281997917721809,-1.1719229453408246,262.5049513004563
613,2021-09-25,42870947,687876,51592.0,120722.42857142857,15.717790328375537,36.778760664793126,845057.0,629.0,2034.142857142857,0.19162835549209595,0.6197129579495694,-0.7219466638434895,257.45132465355186
614,2021-09-26,42905182,688178,34235.0,119905.14285714286,10.429883545742296,36.52977001710512,839336.0,302.0,2034.142857142857,0.0920059830820556,0.6197129579495694,-0.24899064768800372,255.70839011973584
615,2021-09-27,43099971,690559,194789.0,117994.14285714286,59.34355443235275,35.94757321687397,825959.0,2381.0,2052.5714285714284,0.7253849195972663,0.6253273249399125,-0.5821968002311522,251.63301251811777
616,2021-09-28,43213311,692878,113340.0,115617.71428571429,34.529662657351594,35.2235810084681,809324.0,2319.0,2046.0,0.706496274063864,0.6233253026022707,-0.7239922084058676,246.56506705927674
617,2021-09-29,43341823,695393,128512.0,112906.14285714286,39.15189701271897,34.39748566084251,790343.0,2515.0,2007.142857142857,0.7662087663952644,0.6114872574753459,-0.8260953476255892,240.7823996258976
618,2021-09-30,43458032,698136,116209.0,111241.14285714286,35.403719496631126,33.890234131598724,778688.0,2743.0,1948.2857142857142,0.8356702370664851,0.5935561008860333,-0.5072515292437885,237.23163892119112
619,2021-10-01,43583808,700583,125776.0,109207.57142857143,38.318359364664325,33.27069526254809,764453.0,2447.0,1905.142857142857,0.7454921874231458,0.5804123890171683,-0.6195388690506363,232.89486683783662
620,2021-10-02,43628030,701231,44222.0,108154.71428571429,13.472478754485639,32.949936466278096,757083.0,648.0,1907.857142857143,0.19741681138136433,0.5812393112870636,-0.3207587962699918,230.64955526394667
621,2021-10-03,43653869,701480,25839.0,106955.28571428571,7.8719953538319025,32.58452386743376,748687.0,249.0,1900.2857142857142,0.07585923770672796,0.5789326333763025,-0.36541259884433686,228.0916670720363
622,2021-10-04,43826568,703515,172699.0,103799.57142857143,52.61371282214542,31.623117923118425,726597.0,2035.0,1850.857142857143,0.6199740912979574,0.5638739436192585,-0.9614059443153344,221.36182546182897
623,2021-10-05,43925170,705543,98602.0,101694.14285714286,30.039648820718032,30.981687375027917,711859.0,2028.0,1809.2857142857142,0.6178415022861217,0.5512089762224381,-0.6414305480905078,216.87181162519542
624,2021-10-06,44051125,708073,125955.0,101328.85714285714,38.37289271225269,30.870401046389873,709302.0,2530.0,1811.4285714285713,0.7707785999920552,0.5518618095934082,-0.11128632863804455,216.09280732472914
625,2021-10-07,44156527,710522,105402.0,99785.0,32.111306717929885,30.40005636371827,698495.0,2449.0,1769.4285714285713,0.7461014985693847,0.539066275522394,-0.4703446826716018,212.8003945460279
626,2021-10-08,44269453,712967,112926.0,97949.28571428571,34.40353525008017,29.840795775920533,685645.0,2445.0,1769.142857142857,0.7448828762769071,0.5389792310729312,-0.5592605877977377,208.88557043144377
627,2021-10-09,44306787,713480,37334.0,96965.28571428571,11.374011166839285,29.541014691971053,678757.0,513.0,1749.857142857143,0.15628830901024676,0.5331037307342001,-0.29978108394947967,206.78710284379738
628,2021-10-10,44329826,713961,23039.0,96565.28571428571,7.018959749097613,29.4191524627233,675957.0,481.0,1783.0,0.1465393306704263,0.5432008868718713,-0.12186222924775336,205.93406723906313
629,2021-10-11,44453506,715123,123680.0,89562.57142857143,37.67980128340608,27.28573652861768,626938.0,1162.0,1658.2857142857142,0.3540097759647305,0.5052059846814103,-2.1334159341056207,191.00015570032375
630,2021-10-12,44565082,717648,111576.0,91416.0,33.992250226368995,27.8503938722821,639912.0,2525.0,1729.2857142857142,0.7692553221264582,0.526836530372887,0.5646573436644218,194.9527571059747
631,2021-10-13,44671639,719887,106557.0,88644.85714285714,32.463183904882776,27.00614975694354,620514.0,2239.0,1687.7142857142858,0.6821238282143128,0.5141715629760666,-0.8442441153385616,189.0430482986048
632,2021-10-14,44760608,721929,88969.0,86297.28571428571,27.104901684858955,26.290949037933412,604081.0,2042.0,1629.5714285714287,0.6221066803097932,0.4964580175104107,-0.7152007190101273,184.03664326553385
633,2021-10-15,44859168,724104,98560.0,84245.0,30.02685328664702,25.66570875744296,589715.0,2175.0,1591.0,0.6626258715346719,0.48470701683294853,-0.625240280490452,179.65996130210073
634,2021-10-16,44892709,724491,33541.0,83703.14285714286,10.218452577997441,25.500628959036984,585922.0,387.0,1573.0,0.1179017067972037,0.4792232165167995,-0.16507979840597642,178.50440271325888
635,2021-10-17,44914861,724673,22152.0,83576.42857142857,6.748730255740715,25.462024745700283,585035.0,182.0,1530.2857142857142,0.055447314307728875,0.46621007132212844,-0.03860421333670061,178.23417321990198
636,2021-10-18,45036894,726545,122033.0,83341.14285714286,37.178033554478446,25.390343641567764,583388.0,1872.0,1631.7142857142858,0.570315232879497,0.49711085088138074,-0.07168110413251938,177.73240549097434
637,2021-10-19,45120577,728682,83683.0,79356.42857142857,25.49449232534986,24.17637822713646,555495.0,2137.0,1576.2857142857142,0.6510489597561352,0.48022422768562034,-1.2139654144313035,169.23464758995522
638,2021-10-20,45207199,731688,86622.0,76508.57142857143,26.38987505474775,23.30876267711717,535560.0,3006.0,1685.857142857143,0.9157946527968844,0.5136057740545592,-0.8676155500192912,163.1613387398202
639,2021-10-21,45289145,733564,81946.0,75505.28571428571,24.965305594841485,23.00310609282896,528537.0,1876.0,1662.142857142857,0.5715338551719745,0.5063810847491566,-0.30565658428820797,161.02174264980272
640,2021-10-22,45376442,735699,87297.0,73896.28571428571,26.595517566603338,22.512915275679863,517274.0,2135.0,1656.4285714285713,0.6504396486098964,0.5046401957599029,-0.49019081714909873,157.59040692975904
641,2021-10-23,45406266,736148,29824.0,73365.28571428571,9.08604781271267,22.351143166353467,513557.0,449.0,1665.2857142857142,0.13679035233060585,0.507338573693246,-0.16177210932639596,156.45800216447427
642,2021-10-24,45423368,736296,17102.0,72643.85714285714,5.210219611487798,22.131355931460195,508507.0,148.0,1660.4285714285713,0.045089024821669633,0.5058588180523805,-0.21978723489327123,154.91949152022136
643,2021-10-25,45528929,737709,105561.0,70290.71428571429,32.15974695405586,21.41445784568554,492035.0,1413.0,1594.857142857143,0.4304783248176972,0.4858821169006947,-0.7168980857746554,149.90120491979874
644,2021-10-26,45616352,739445,87423.0,70825.0,26.633904168816382,21.577230966180757,495775.0,1736.0,1537.5714285714287,0.5288820749352601,0.4684297047834269,0.16277312049521697,151.04061676326526
645,2021-10-27,45710896,741460,94544.0,71956.71428571429,28.80335650499955,21.922014030502442,503697.0,2015.0,1396.0,0.6138809798355697,0.4252991800746676,0.3447830643216854,153.45409821351709
646,2021-10-28,45797081,743242,86185.0,72562.28571428571,26.25674056929458,22.106504741138597,507936.0,1782.0,1382.5714285714287,0.5428962312987519,0.4212080909499215,0.18449071063615463,154.74553318797018
647,2021-10-29,45885804,745262,88723.0,72766.0,27.029956413871588,22.16856743360549,509362.0,2020.0,1366.142857142857,0.6154042577011666,0.41620303510581724,0.06206269246689189,155.17997203523842
648,2021-10-30,45915215,745586,29411.0,72707.0,8.960225061014361,22.15059275479145,508949.0,324.0,1348.2857142857142,0.09870840569068216,0.4107627570143996,-0.01797467881403847,155.0541492835401
649,2021-10-31,45934098,745743,18883.0,72961.42857142857,5.75281118721343,22.228105837037962,510730.0,157.0,1349.5714285714287,0.04783092497974413,0.41115445703698167,0.07751308224651154,155.59674085926574
650,2021-11-01,46058668,746894,124570.0,75677.0,37.95094474348234,23.05541980695603,529739.0,1151.0,1312.142857142857,0.35065856466041717,0.39975163415737025,0.8273139699180696,161.38793864869223
651,2021-11-02,46135611,748410,76943.0,74179.85714285714,23.44111376252518,22.599306891771572,519259.0,1516.0,1280.7142857142858,0.46185784884899433,0.3901767447164751,-0.45611291518445896,158.19514824240102
652,2021-11-03,46220455,750290,84844.0,72794.14285714286,25.848197445741473,22.177141311877563,509559.0,1880.0,1261.4285714285713,0.5727524774644521,0.3843012443777441,-0.4221655798940098,155.23998918314297
653,2021-11-04,46303542,751413,83087.0,72351.57142857143,25.312917603770707,22.04230945965987,506461.0,1123.0,1167.2857142857142,0.3421282086130743,0.35562009827979013,-0.1348318522176939,154.2961662176191
654,2021-11-05,46395310,753734,91768.0,72786.57142857143,27.957632634020126,22.174834633966803,509506.0,2321.0,1210.2857142857142,0.7071055852101028,0.3687202879239239,0.13252517430693445,155.22384243776762
655,2021-11-06,46427249,754136,31939.0,73147.71428571429,9.730394349860179,22.28485881808763,512034.0,402.0,1221.4285714285713,0.12247154039399455,0.37211502145296854,0.11002418412082804,155.99401172661345
656,2021-11-07,46449334,754268,22085.0,73605.14285714286,6.728318332341716,22.424216981677386,515236.0,132.0,1217.857142857143,0.0402145356517594,0.3710269658346849,0.13935816358975472,156.9695188717417
657,2021-11-08,46575795,755489,126461.0,73875.28571428571,38.5270484322511,22.506517508644354,517127.0,1221.0,1227.857142857143,0.37198445477877445,0.37407352156587886,0.08230052696696788,157.54562256051048
658,2021-11-09,46659446,757205,83651.0,74833.57142857143,25.484743347010042,22.798464592142192,523835.0,1716.0,1256.4285714285713,0.5227889634728722,0.3827779665121471,0.2919470834978384,159.58925214499536
659,2021-11-10,46757836,758841,98390.0,76768.71428571429,29.97506183921672,23.38801664835294,537381.0,1636.0,1221.5714285714287,0.49841651762332106,0.37215854367769985,0.5895520562107492,163.7161165384706
660,2021-11-11,46822437,759563,64601.0,74127.85714285714,19.681054679085673,22.583464801969367,518895.0,722.0,1164.2857142857142,0.21996132379219918,0.35470613156043196,-0.8045518463835748,158.08425361378556
661,2021-11-12,46951788,761624,129351.0,79496.85714285714,39.40750303856614,24.21916057404737,556478.0,2061.0,1127.142857142857,0.6278951361990616,0.34339035313028315,1.6356957720780017,169.53412401833157
662,2021-11-13,47013185,762092,61397.0,83705.14285714286,18.70493822281115,25.50123827018322,585936.0,468.0,1136.5714285714287,0.14257880821987426,0.34626281996255176,1.2820776961358504,178.50866789128256
663,2021-11-14,47036794,762234,23609.0,83922.85714285714,7.192613425775665,25.567566140673787,587460.0,142.0,1138.0,0.043261091382953296,0.34669804220986516,0.06632787049056788,178.9729629847165
664,2021-11-15,47185418,763425,148624.0,87089.0,45.27912989929613,26.5321492073945,609623.0,1191.0,1133.7142857142858,0.3628447875851928,0.34539237546792484,0.9645830667207136,185.7250444517615
665,2021-11-16,47275904,764871,90486.0,88065.42857142857,27.56706418928107,26.82962361343322,616458.0,1446.0,1095.142857142857,0.4405319587306371,0.33364137479046274,0.2974744060387202,187.80736529403256
666,2021-11-17,47390261,766489,114357.0,90346.42857142857,34.839497375214016,27.52454297571855,632425.0,1618.0,1092.5714285714287,0.49293271730717203,0.33285797474529855,0.6949193622853294,192.67180083002984
667,2021-11-18,47500534,769820,110273.0,96871.0,33.59528401459443,29.512290023648372,678097.0,3331.0,1465.2857142857142,1.0148077140606862,0.4464074590693682,1.9877470479298225,206.5860301655386
668,2021-11-19,47620182,771811,119648.0,95484.85714285714,36.45143001258871,29.089993877080165,668394.0,1991.0,1455.2857142857142,0.6065692460807043,0.4433609033381743,-0.4222961465682076,203.62995713956116
669,2021-11-20,47661246,772136,41064.0,92580.14285714286,12.510376454574608,28.2050564816178,648061.0,325.0,1434.857142857143,0.09901306126380156,0.4371372252015925,-0.8849373954623658,197.43539537132463
670,2021-11-21,47692618,772259,31372.0,93689.14285714286,9.557654639901484,28.54291951220721,655824.0,123.0,1432.142857142857,0.037472635493684896,0.436310302931697,0.3378630305894106,199.80043658545046
671,2021-11-22,47851516,773402,158898.0,95156.85714285714,48.40916125752474,28.99006684909701,666098.0,1143.0,1425.2857142857142,0.3482213200754621,0.4342212361445926,0.4471473368897989,202.93046794367902
672,2021-11-23,47944287,774880,92771.0,95483.28571428571,28.263202173858875,29.08951513260812,668383.0,1478.0,1429.857142857143,0.4502809370704576,0.4356139473359955,0.09944828351111212,203.62660592825685
673,2021-11-24,48064179,776516,119892.0,96274.0,36.52576597242983,29.330410646496098,673918.0,1636.0,1432.4285714285713,0.49841651762332106,0.4363973473811597,0.24089551388797759,205.3128745254727
674,2021-11-25,48095032,776893,30853.0,84928.28571428571,9.399538397452522,25.87387555833297,594498.0,377.0,1010.4285714285714,0.1148551510660098,0.3078326955247773,-3.456535088163129,181.11712890833076
675,2021-11-26,48146557,777437,51525.0,75196.42857142857,15.697378404976538,22.9090110429598,526375.0,544.0,803.7142857142857,0.16573263177694783,0.2448560363385264,-2.9648645153731685,160.3630773007186
676,2021-11-27,48171236,777629,24679.0,72855.71428571429,7.5185948890134116,22.195899390736773,509990.0,192.0,784.7142857142857,0.058493870038922764,0.239067580449258,-0.7131116522230272,155.3712957351574
677,2021-11-28,48195186,777750,23950.0,71795.42857142857,7.296500976209376,21.872877438780755,502568.0,121.0,784.4285714285714,0.036863324347446116,0.23898053599979532,-0.3230219519560187,153.1101420714653
678,2021-11-29,48411498,779624,216312.0,79997.42857142857,65.90065633260136,24.371662449505987,559982.0,1874.0,888.8571428571429,0.5709245440257358,0.2707952822784058,2.498785010725232,170.60163714654192
679,2021-11-30,48520792,781183,109294.0,82357.85714285714,33.297026208510545,25.09078016874194,576505.0,1559.0,900.4285714285714,0.47495803849312807,0.2743205824816445,0.7191177192359532,175.6354611811936
680,2021-12-01,48660112,783149,139320.0,85133.28571428571,42.444614446993334,25.936329950822444,595933.0,1966.0,947.5714285714286,0.5989528567527196,0.28868291664298706,0.8455497820805036,181.5543096557571
681,2021-12-02,48798824,784506,138712.0,100541.71428571429,42.259383858536744,30.630593588120185,703792.0,1357.0,1087.5714285714287,0.4134176127230114,0.33133469687970163,4.694263637297741,214.4141551168413
682,2021-12-03,48952069,786667,153245.0,115073.14285714286,46.68694330268083,35.05767428779223,805512.0,2161.0,1318.5714285714287,0.6583606935110006,0.40171013427028057,4.427080699672047,245.40372001454557
683,2021-12-04,49010213,787157,58144.0,119853.85714285714,17.713893643453776,36.51414553842657,838977.0,490.0,1361.142857142857,0.1492812308285008,0.4146797572402203,1.456471250634337,255.59901876898596
684,2021-12-05,49044786,787318,34573.0,121371.42857142857,10.53285712945665,36.97648213174761,849600.0,161.0,1366.857142857143,0.04904954727222169,0.416420646229474,0.4623365933210408,258.83537492223326
685,2021-12-06,49242230,788660,197444.0,118676.0,60.152414978984716,36.155304795516656,830732.0,1342.0,1290.857142857143,0.4088477791262206,0.39326682267240043,-0.8211773362309529,253.0871335686166
686,2021-12-07,49356227,790434,113997.0,119347.85714285714,34.72982136889103,36.359989818428154,835435.0,1774.0,1321.5714285714287,0.5404589867137968,0.40262410098963874,0.20468502291149804,254.51992872899712
687,2021-12-08,49505272,792313,149045.0,120737.14285714286,45.4073898955794,36.78324345394044,845160.0,1879.0,1309.142857142857,0.5724478218913327,0.398837667438012,0.4232536355122889,257.4827041775832
688,2021-12-09,49628777,793608,123505.0,118564.71428571429,37.62648655811019,36.121400982450936,829953.0,1295.0,1300.2857142857142,0.3945289671896093,0.3961392895046689,-0.661842471489507,252.8498068771566
689,2021-12-10,49793839,795711,165062.0,120252.85714285714,50.28705821023265,36.635703112101204,841770.0,2103.0,1292.0,0.6406906702700759,0.39361500047025105,0.5143021296502681,256.4499217847084
690,2021-12-11,49845184,796127,51345.0,119281.57142857143,15.64254040181505,36.33979550615281,834971.0,416.0,1281.4285714285713,0.12673671841766598,0.3903943558401318,-0.2959076059483934,254.3785685430697
691,2021-12-12,49881540,796322,36356.0,119536.28571428571,11.076058016328522,36.417395632848795,836754.0,195.0,1286.2857142857142,0.05940783675828093,0.39187411148099743,0.07760012669598382,254.92176942994155
692,2021-12-13,50084423,797611,202883.0,120313.28571428571,61.80943664118109,36.65411301316256,842193.0,1289.0,1278.7142857142858,0.39270103375089294,0.3895674335702363,0.23671738031376321,256.5787910921379
693,2021-12-14,50201282,799345,116859.0,120722.14285714286,35.60174561915873,36.77867362034366,845055.0,1734.0,1273.0,0.5282727637890212,0.3878265445809827,0.12456060718110251,257.4507153424056
694,2021-12-15,50346558,801438,145276.0,120183.71428571429,44.25914304049242,36.61463835533123,841286.0,2093.0,1303.5714285714287,0.637644114538882,0.3971403006734898,-0.16403526501242993,256.30246848731866
695,2021-12-16,50492877,802601,146319.0,123442.85714285714,44.576898803255936,37.60755439035206,864100.0,1163.0,1284.7142857142858,0.35431443153784986,0.39139536700895267,0.9929160350208264,263.25288073246435
696,2021-12-17,50664022,804697,171145.0,124311.85714285714,52.1402780615179,37.87230008339281,870183.0,2096.0,1283.7142857142858,0.6385580812582402,0.39109071143583335,0.26474569304075146,265.10610058374965
697,2021-12-18,50738685,805171,74663.0,127643.0,22.746499055812972,38.88715131967822,893501.0,474.0,1292.0,0.14440674165859058,0.3936150004702511,1.0148512362854092,272.21005923774754
698,2021-12-19,50811164,805334,72479.0,132803.42857142858,22.081131284120225,40.459304643648466,929624.0,163.0,1287.4285714285713,0.049658858418460475,0.39222228927884817,1.572153323970248,283.21513250553926
699,2021-12-20,51114064,806753,302900.0,147091.57142857142,92.28017309786306,44.81226699460303,1029641.0,1419.0,1306.0,0.4323062582564136,0.39788017849392254,4.352962350954563,313.68586896222126
700,2021-12-21,51303535,808841,189471.0,157464.7142857143,57.72339609450383,47.97250277679519,1102253.0,2088.0,1356.5714285714287,0.636120836673285,0.41328704604881733,3.16023578219216,335.8075194375663
701,2021-12-22,51547227,810927,243692.0,171524.14285714287,74.24212592461024,52.25578604595488,1200669.0,2086.0,1355.5714285714287,0.6355115255270463,0.41298239047569796,4.283283269159689,365.79050232168413
702,2021-12-23,51812442,814211,265215.0,188509.2857142857,80.79922782485886,57.43040447761244,1319565.0,3284.0,1658.5714285714287,1.0004889021240748,0.505293029130873,5.174618431657564,402.01283134328713
703,2021-12-24,51996367,815213,183925.0,190335.0,56.0337762859837,57.98661850967898,1332345.0,1002.0,1502.2857142857142,0.30526488426562814,0.4576797152747855,0.5562140320665421,405.90632956775283
704,2021-12-25,52054715,815312,58348.0,188004.2857142857,17.776043380370133,57.27655341318715,1316030.0,99.0,1448.7142857142858,0.03016090173881955,0.44135888100053255,-0.7100650964918316,400.93587389231
705,2021-12-26,52244429,815391,189714.0,204752.14285714287,57.797427398771845,62.37888142956596,1433265.0,79.0,1436.7142857142858,0.02406779027643176,0.4377030141230999,5.102328016378806,436.6521700069617
706,2021-12-27,52787969,817134,543540.0,239129.2857142857,165.5924902133129,72.85206958891592,1673905.0,1743.0,1483.0,0.5310146639470957,0.45180421493605444,10.473188159349966,509.96448712241147
707,2021-12-28,53168681,819630,380712.0,266449.4285714286,115.98603255342898,81.17530336876237,1865146.0,2496.0,1541.2857142857142,0.7604203105059959,0.46956128262644165,8.323233779846447,568.2271235813367
708,2021-12-29,53657745,821731,489064.0,301502.5714285714,148.99607321206108,91.85443869554106,2110518.0,2101.0,1543.4285714285713,0.6400813591238371,0.47021411599741186,10.679135326778692,642.9810708687875
709,2021-12-30,54242800,823141,585055.0,347194.0,178.24026633136435,105.7745870536133,2430358.0,1410.0,1275.7142857142858,0.4295643580983391,0.38865346685087815,13.92014835807224,740.422109375293
710,2021-12-31,54689367,824336,446567.0,384714.28571428574,136.04912532120636,117.20535120150222,2693000.0,1195.0,1303.2857142857142,0.36406340987767033,0.39705325622402704,11.430764147888922,820.4374584105157
711,2022-01-01,54850427,824609,161060.0,399387.4285714286,49.067826606608854,121.67560594810777,2795712.0,273.0,1328.142857142857,0.0831709714615933,0.40462612332728043,4.470254746605548,851.7292416367544
712,2022-01-02,55137064,824841,286637.0,413233.5714285714,87.32555951222241,125.89391053574356,2892635.0,232.0,1350.0,0.07068009296369834,0.41128502371117565,4.218304587635785,881.2573737502049
713,2022-01-03,56155999,826491,1018935.0,481147.14285714284,310.42422639640506,146.58415856189959,3368030.0,1650.0,1336.7142857142858,0.5026816956469925,0.40723745681116086,20.690248026156027,1026.089109933297
714,2022-01-04,57041905,828853,885906.0,553317.7142857143,269.8962001599058,168.57132536282487,3873224.0,2362.0,1317.5714285714287,0.7195964637079978,0.40140547869716114,21.98716680092528,1179.9992775397739
715,2022-01-05,57745969,830981,704064.0,584032.0,214.49702143272975,177.9286036800632,4088224.0,2128.0,1321.4285714285713,0.6483070595980607,0.40258057876490744,9.357278317238325,1245.5002257604426
716,2022-01-06,58505187,832953,759218.0,608912.4285714285,231.2999949125566,185.50856490594785,4262387.0,1972.0,1401.7142857142858,0.6007807901914359,0.4270400690639213,7.579961225884659,1298.559954341635
717,2022-01-07,59405357,835637,900170.0,673712.8571428572,274.24180725488077,205.25037661075845,4715990.0,2684.0,1614.4285714285713,0.8176955582524412,0.4918446616888886,19.7418117048106,1436.7526362753092
718,2022-01-08,59851597,836327,446240.0,714452.8571428572,135.94950294879632,217.6620446596424,5001170.0,690.0,1674.0,0.21021234545237868,0.5099934294018579,12.41166804888394,1523.6343126174968
719,2022-01-09,60166932,836728,315335.0,718552.5714285715,96.06856514960266,218.91104546498244,5029868.0,401.0,1698.142857142857,0.12216688482087515,0.5173486853814546,1.2490008053400459,1532.377318254877
720,2022-01-10,61600909,838412,1433977.0,777844.2857142857,436.86908477502266,236.9745966619278,5444910.0,1684.0,1703.0,0.5130399851330518,0.5188284410223202,18.063551196945355,1658.8221766334948
721,2022-01-11,62370837,841092,769928.0,761276.0,234.56285610066524,231.9269760820363,5328932.0,2680.0,1748.4285714285713,0.8164769359599635,0.5326685084868867,-5.047620579891486,1623.488832574254
722,2022-01-12,63251819,843853,880982.0,786550.0,268.3960761178659,239.62684103705573,5505850.0,2761.0,1838.857142857143,0.8411540373826342,0.5602180767418258,7.699864955019422,1677.3878872593903
723,2022-01-13,64120526,846110,868707.0,802191.2857142857,264.6564289578254,244.39204590066558,5615339.0,2257.0,1879.5714285714287,0.6876076285304619,0.572621910790258,4.765204863609853,1710.744321304659
724,2022-01-14,65053852,849101,933326.0,806927.8571428572,284.34296743722723,245.8350687838579,5648495.0,2991.0,1923.4285714285713,0.9112248192000938,0.5859832337827798,1.4430228831923273,1720.8454814870056
725,2022-01-15,65477079,850099,423227.0,803640.2857142857,128.93846424459983,244.83349182611553,5625482.0,998.0,1967.4285714285713,0.3040462619731506,0.5993880790000331,-1.0015769577423725,1713.8344427828088
726,2022-01-16,65814886,850509,337807.0,806850.5714285715,102.91478518874159,245.81152326027828,5647954.0,410.0,1968.7142857142858,0.12490878497894967,0.599779779022615,0.9780314341627445,1720.6806628219479
727,2022-01-17,66526937,851283,712051.0,703718.2857142857,216.93030549523434,214.39169764887993,4926028.0,774.0,1838.7142857142858,0.2358034135944074,0.5601745545170945,-31.419825611398352,1500.7418835421597
728,2022-01-18,67705340,854268,1178403.0,762071.8571428572,359.0070413306079,232.1694383960146,5334503.0,2985.0,1882.2857142857142,0.9093968857613773,0.5734488330601535,17.777740747134686,1625.1860687721023
729,2022-01-19,68557295,857644,851955.0,757925.1428571428,259.5528387969294,230.90611877873795,5305476.0,3376.0,1970.142857142857,1.0285172148510586,0.6002150012699285,-1.2633196172766645,1616.3428314511657
730,2022-01-20,69305615,860316,748320.0,740727.0,227.97985847670148,225.66660871000596,5185089.0,2672.0,2029.4285714285713,0.8140396913750085,0.6182767245334351,-5.239510068731988,1579.6662609700418
731,2022-01-21,70130930,864182,825315.0,725296.8571428572,251.4368143290289,220.96572969454905,5077078.0,3866.0,2154.4285714285716,1.1777984456795594,0.6563586711733588,-4.700879015456906,1546.7601078618434
732,2022-01-22,70468314,865116,337384.0,713033.5714285715,102.78591588131208,217.22965135693653,4991235.0,934.0,2145.285714285714,0.28454830529350966,0.6535732487905529,-3.7360783376125255,1520.6075594985555
733,2022-01-23,70667795,865687,199481.0,693272.7142857143,60.77299838142891,211.209396098749,4852909.0,571.0,2168.285714285714,0.17395833225117135,0.6605803269722988,-6.020255258187518,1478.4657726912428
734,2022-01-24,71699954,867866,1032159.0,739002.4285714285,314.4529916953358,225.14120841304924,5173017.0,2179.0,2369.0,0.6638444938271495,0.7217290527198336,13.931812314300231,1575.9884588913444
735,2022-01-25,72210867,870838,510913.0,643646.7142857143,155.65249282914658,196.09055862712617,4505527.0,2972.0,2367.1428571428573,0.9054363633108252,0.7211632637983261,-29.05064978592307,1372.633910389883
736,2022-01-26,72895313,874733,684446.0,619716.8571428572,208.52028839927362,188.80019428460392,4338018.0,3895.0,2441.285714285714,1.1866334573000217,0.7437512984338923,-7.290364342522253,1321.6013599922273
737,2022-01-27,73425577,877824,530264.0,588566.0,161.54788282457991,179.30991204858654,4119962.0,3091.0,2501.1428571428573,0.9416903765120326,0.7619871105963243,-9.490282236017379,1255.1693843401058
738,2022-01-28,73981352,881703,555775.0,550060.2857142857,169.31995115042864,167.5789315945008,3850422.0,3879.0,2503.0,1.1817589681301115,0.7625528995178316,-11.730980454085739,1173.0525211615056
739,2022-01-29,74223465,883009,242113.0,536450.1428571428,73.76107477465473,163.43252572212117,3755151.0,1306.0,2556.1428571428573,0.39788017849392254,0.7787431671178907,-4.146405872379631,1144.0276800548484
740,2022-01-30,74327523,883370,104058.0,522818.28571428574,31.70184962765742,159.27950447158238,3659728.0,361.0,2526.1428571428573,0.10998066189609959,0.769603499924309,-4.153021250538785,1114.9565313010767
741,2022-01-31,74989495,885943,661972.0,469934.4285714286,201.67345904898843,143.16814266496132,3289541.0,2573.0,2582.4285714285716,0.783878789636189,0.7867512564684574,-16.111361806621062,1002.1769986547293
742,2022-02-01,75285900,889525,296405.0,439290.4285714286,90.30143515045262,133.83227728229076,3075033.0,3582.0,2669.5714285714284,1.0912762629136528,0.8132998135545757,-9.335865382670562,936.8259409760354
743,2022-02-02,75610929,893156,325029.0,387945.14285714284,99.02189627542202,118.18964983602625,2715616.0,3631.0,2631.8571428571427,1.106204385996503,0.8018099462255014,-15.642627446264513,827.3275488521838
744,2022-02-03,75923171,896178,312242.0,356799.14285714284,95.12626546194439,108.70084735564974,2497594.0,3022.0,2622.0,0.9206691419667947,0.798806912719039,-9.488802480376506,760.9059314895483
745,2022-02-04,76236151,900154,312980.0,322114.14285714284,95.3511012749065,98.13386880200373,2254799.0,3976.0,2635.8571428571427,1.2113105587226922,0.803028568517979,-10.56697855364601,686.937081614026
746,2022-02-05,76359918,901022,123767.0,305207.5714285714,37.706306318267465,92.98318759394841,2136453.0,868.0,2573.285714285714,0.26444103746763004,0.7839658340856516,-5.1506812080553175,650.8823131576388
747,2022-02-06,76418395,901400,58477.0,298696.0,17.815343949302534,90.99940106846914,2090872.0,378.0,2575.714285714286,0.11515980663912921,0.7847057119060844,-1.9837865254792746,636.9958074792839
748,2022-02-07,76766514,904139,348119.0,253859.85714285713,106.05639345874873,77.33982026986347,1777019.0,2739.0,2599.4285714285716,0.8344516147740076,0.7919304012114871,-13.659580798605674,541.3787418890442
749,2022-02-08,76961010,907497,194496.0,239301.42857142858,59.25429034942876,72.90451386971719,1675110.0,3358.0,2567.4285714285716,1.0230334145349096,0.7821814228716667,-4.435306400146274,510.33159708802043
750,2022-02-09,77187359,911067,226349.0,225204.2857142857,68.95848432000066,68.60974073322843,1576430.0,3570.0,2558.714285714286,1.0876203960362203,0.7795265671630549,-4.294773136488757,480.268185132599
751,2022-02-10,77360952,914328,173593.0,205397.2857142857,52.88607490451417,62.575427796452686,1437781.0,3261.0,2592.8571428571427,0.9934818239423288,0.7899283788738455,-6.034312936775748,438.0279945751688
752,2022-02-11,77530775,917135,169823.0,184946.2857142857,51.73752339385407,56.34491667058806,1294624.0,2807.0,2425.8571428571427,0.8551681937461261,0.7390508981629074,-6.2305111258646235,394.4144166941164
753,2022-02-12,77594737,917896,63962.0,176402.7142857143,19.486379767862385,53.74207002053019,1234819.0,761.0,2410.5714285714284,0.23184289114385534,0.7343940201166539,-2.60284665005787,376.1944901437113
754,2022-02-13,77629125,918368,34388.0,172961.42857142858,10.476495848429563,52.6936631489769,1210730.0,472.0,2424.0,0.1437974305123518,0.7384851092413999,-1.04840687155329,368.8556420428383
755,2022-02-14,77835449,920954,206324.0,152705.0,62.857756468284904,46.52242929319636,1068935.0,2586.0,2402.1428571428573,0.7878393120867411,0.7318262088575047,-6.171233855780542,325.65700505237453
756,2022-02-15,77950961,923804,115512.0,141421.57142857142,35.19137456216691,43.08486989501609,989951.0,2850.0,2329.5714285714284,0.8682683833902598,0.7097169186939833,-3.4375593981802695,301.59408926511264
757,2022-02-16,78092141,927110,141180.0,129254.57142857143,43.0112738129954,39.37812553687248,904782.0,3306.0,2291.8571428571427,1.0071913247327013,0.6982270513649091,-3.7067443581436095,275.6468787581074
758,2022-02-17,78196006,930297,103865.0,119293.42857142857,31.64305110204538,36.34340785080551,835054.0,3187.0,2281.285714285714,0.970937311531494,0.69500640673479,-3.034717686066969,254.4038549556386
759,2022-02-18,78305615,932788,109609.0,110691.42857142857,33.39299271404315,33.72276061083253,774840.0,2491.0,2236.1428571428573,0.758897032640399,0.6812533837196861,-2.620647239972982,236.0593242758277
760,2022-02-19,78351826,933480,46211.0,108155.57142857143,14.078438689420103,32.95019759962649,757089.0,692.0,2226.285714285714,0.21082165659861749,0.6782503502132234,-0.7725630112060387,230.6513831973854
761,2022-02-20,78377993,933894,26167.0,106981.14285714286,7.971922381815063,32.59240139011013,748868.0,414.0,2218.0,0.1261274072714272,0.6757260611788058,-0.3577962095163585,228.1468097307709
762,2022-02-21,78433652,934654,55659.0,85457.57142857143,16.956824544252093,26.03512540096259,598203.0,760.0,1957.142857142857,0.23153823557073594,0.5962544788193764,-6.557275989147545,182.2458778067381
763,2022-02-22,78556769,937380,123117.0,86544.0,37.508280195739864,26.366111920044435,605808.0,2726.0,1939.4285714285713,0.8304910923234555,0.5908577229526901,0.33098651908184706,184.56278344031105
764,2022-02-23,78641313,940404,84544.0,78453.14285714286,25.756800773805658,23.90118720016019,549172.0,3024.0,1899.142857142857,0.9212784531130337,0.5785844555784518,-2.4649247198842446,167.3083104011213
765,2022-02-24,78714719,943312,73406.0,74101.85714285714,22.363547000401898,22.575543757068264,518713.0,2908.0,1859.2857142857142,0.8859384066311844,0.5664417548784076,-1.325643443091927,158.02880629947785
766,2022-02-25,78800705,946121,85986.0,70727.14285714286,26.196114110243816,21.547418242239786,495090.0,2809.0,1904.7142857142858,0.8557775048923648,0.5802818223429742,-1.0281255148284778,150.8319276956785
767,2022-02-26,78825927,946686,25222.0,67728.71428571429,7.68402286521724,20.633930267353662,474101.0,565.0,1886.5714285714287,0.172130398812455,0.5747544998020937,-0.9134879748861238,144.43751187147564
768,2022-02-27,78835013,946883,9086.0,65288.57142857143,2.768100537362772,19.890527146717623,457020.0,197.0,1855.5714285714287,0.06001714790451971,0.5653101770353927,-0.7434031206360388,139.23369002702336
769,2022-02-28,78942813,948855,107800.0,72737.28571428571,32.84187078227018,22.15981946643449,509161.0,1972.0,2028.7142857142858,0.6007807901914359,0.6180591134097784,2.269292319716868,155.11873626504143
770,2022-03-01,78986396,950788,43583.0,61375.28571428572,13.27780384326235,18.698322844651987,429627.0,1933.0,1915.4285714285713,0.5888992228397797,0.5835459891978247,-3.461496621782505,130.8882599125639
771,2022-03-02,79044542,953136,58146.0,57604.142857142855,17.714502954600018,17.54942315619404,403229.0,2348.0,1818.857142857143,0.7153312856843264,0.554124965279438,-1.148899688457945,122.84596209335827
772,2022-03-03,79096279,955018,51737.0,54508.57142857143,15.761965386477849,16.606340068490603,381560.0,1882.0,1672.2857142857142,0.5733617886106909,0.5094711627050817,-0.9430830877034388,116.24438047943423
773,2022-03-04,79145866,956910,49587.0,49308.71428571428,15.106955904271164,15.022174610494508,345161.0,1892.0,1541.2857142857142,0.5764083443418847,0.4695612826264418,-1.5841654579960949,105.15522227346156
774,2022-03-05,79162481,957217,16615.0,48079.142857142855,5.061852347378655,14.647578822231855,336554.0,307.0,1504.4285714285713,0.09352926094765254,0.4583325486457556,-0.3745957882626527,102.53305175562298
775,2022-03-06,79169256,957429,6775.0,47749.0,2.0640415078838634,14.546998960877726,334243.0,212.0,1506.5714285714287,0.06458698150131055,0.45898538201672584,-0.10057986135412911,101.82899272614407
776,2022-03-07,79232308,959115,63052.0,41356.42857142857,19.20914319632374,12.59946644859966,289495.0,1686.0,1465.7142857142858,0.5136492962792906,0.44653802574356216,-1.947532512278066,88.19626514019764
777,2022-03-08,79266324,960690,34016.0,39989.71428571428,10.363163975229151,12.183089324594919,279928.0,1575.0,1414.5714285714287,0.4798325276630383,0.4309570692897419,-0.41637712400474136,85.28162527216443
778,2022-03-09,79314028,962503,47704.0,38498.0,14.533289460087351,11.728630253950254,269486.0,1813.0,1338.142857142857,0.552340554065453,0.4076726790584743,-0.4544590706446652,82.10041177765177
779,2022-03-10,79352221,964062,38193.0,36563.142857142855,11.635710304148839,11.139165242188966,255942.0,1559.0,1292.0,0.47495803849312807,0.3936150004702511,-0.5894650117612876,77.97415669532276
780,2022-03-11,79396596,965746,44375.0,35818.57142857143,13.519091057172906,10.912327406889215,250730.0,1684.0,1262.2857142857142,0.5130399851330518,0.3845623777261321,-0.22683783529975088,76.3862918482245
781,2022-03-12,79407518,966218,10922.0,35005.28571428572,3.327448169609971,10.664555381493688,245037.0,472.0,1285.857142857143,0.1437974305123518,0.3917435448068035,-0.2477720253955269,74.65188767045582
782,2022-03-13,79413908,966361,6390.0,34950.28571428572,1.9467491122328984,10.647799324972123,244652.0,143.0,1276.0,0.04356574695607269,0.38874051130034093,-0.0167560565215652,74.53459527480486
783,2022-03-14,79462956,963926,49048.0,32949.71428571428,14.94274655035981,10.038314089834419,230648.0,-2435.0,687.2857142857143,-0.7418363205457132,0.20938542318248324,-0.6094852351377043,70.26819862884092
784,2022-03-15,79511352,965449,48396.0,35004.0,14.744111116685971,10.664163681471107,245028.0,1523.0,679.8571428571429,0.46399043786083005,0.20712226749645346,0.6258495916366886,74.64914577029775
785,2022-03-16,79550748,967482,39396.0,33817.142857142855,12.002210958611466,10.302581038403122,236720.0,2033.0,711.2857142857143,0.6193647801517187,0.21669715693734856,-0.36158264306798493,72.11806726882186
786,2022-03-17,79586734,968690,35986.0,33501.857142857145,10.963335454274347,10.206527488421054,234513.0,1208.0,661.1428571428571,0.3680239323282224,0.20142085605664775,-0.09605354998206828,71.44569241894737
787,2022-03-18,79623203,969733,36469.0,32372.428571428572,11.110484096091012,9.862440779695067,226607.0,1043.0,569.5714285714286,0.31775576276352313,0.17352311000385795,-0.3440867087259871,69.03708545786547
788,2022-03-19,79635322,970065,12119.0,32543.428571428572,3.6921208906338805,9.914536882698485,227804.0,332.0,549.5714285714286,0.10114565027563728,0.16742999854147017,0.05209610300341794,69.40175817888938
789,2022-03-20,79643175,970148,7853.0,32752.428571428572,2.3924602157065653,9.978209897480436,229267.0,83.0,541.0,0.02528641256890932,0.16481866505758966,0.06367301478195131,69.84746928236305
790,2022-03-21,79689310,971107,46135.0,32336.285714285714,14.05528486586303,9.851429656838038,226354.0,959.0,1025.857142857143,0.2921646946214944,0.31253309579576216,-0.12678024064239857,68.96000759786627
791,2022-03-22,79714979,972104,25669.0,29089.571428571428,7.8202039064016065,8.862300055368843,203627.0,997.0,950.7142857142857,0.3037416064000312,0.28964040558707665,-0.9891296014691946,62.03610038758191
792,2022-03-23,79762066,973459,47087.0,30188.285714285714,14.34531697147269,9.197029485777591,211318.0,1355.0,853.8571428571429,0.4128083015767726,0.2601323372192272,0.33472943040874803,64.37920640044314
793,2022-03-24,79799812,974441,37746.0,30439.714285714286,11.499529262964472,9.27362860130475,213078.0,982.0,821.5714285714286,0.2991717728032404,0.25029631442994404,0.07659911552715926,64.91540020913325
794,2022-03-25,79833549,975273,33737.0,30049.428571428572,10.278165070328841,9.154725883338726,210346.0,832.0,791.4285714285714,0.25347343683533197,0.24111312501163104,-0.1189027179660247,64.08308118337108
795,2022-03-26,79845604,975436,12055.0,30040.285714285714,3.6726229339542393,9.151940460955922,210282.0,163.0,767.2857142857143,0.049658858418460475,0.23375786903203435,-0.0027854223828036595,64.06358322669145
796,2022-03-27,79853102,975486,7498.0,29989.571428571428,2.2843074872491815,9.136490071176294,209927.0,50.0,762.5714285714286,0.01523277865596947,0.2323216356159001,-0.015450389779628537,63.95543049823406
797,2022-03-28,79895338,976396,42236.0,29432.571428571428,12.86743278627053,8.966796916948793,206028.0,910.0,755.5714285714286,0.2772365715386444,0.2301890466040644,-0.16969315422750064,62.76757841864156
798,2022-03-29,79920966,977153,25628.0,29426.714285714286,7.807713027903712,8.96501250573481,205987.0,757.0,721.2857142857143,0.2306242688513778,0.21974371266854245,-0.0017844112139826507,62.75508754014366
799,2022-03-30,79966408,978361,45442.0,29191.714285714286,13.844158553691292,8.893418446051752,204342.0,1208.0,700.2857142857143,0.3680239323282224,0.2133459456330353,-0.07159405968305776,62.253929122362266
800,2022-03-31,80004185,979236,37777.0,29196.14285714286,11.508973585731173,8.894767635018423,204373.0,875.0,685.0,0.2665736264794657,0.20868906758678177,0.0013491889666710222,62.26337344512898
801,2022-04-01,80036620,979881,32435.0,29010.14285714286,9.881503514127395,8.838101698418217,203071.0,645.0,658.2857142857143,0.19650284466200615,0.2005504115620209,-0.056665936600206024,61.86671188892752
802,2022-04-02,80048015,980018,11395.0,28915.85714285714,3.4715502556954423,8.809377030095531,202411.0,137.0,654.5714285714286,0.041737813517356344,0.19941883371900607,-0.028724668322686497,61.665639210668736
803,2022-04-03,80052942,980057,4927.0,28548.571428571428,1.5010380087592317,8.697481390311253,199840.0,39.0,653.0,0.011881567351656186,0.19894008924696127,-0.11189563978427763,60.88236973217877
804,2022-04-04,80093982,980682,41040.0,28377.714285714286,12.503064720819742,8.64542880953257,198644.0,625.0,612.2857142857143,0.19040973319961838,0.186536255198529,-0.05205258077868358,60.51800166672798
805,2022-04-05,80124875,981146,30893.0,29129.85714285714,9.411724620377296,8.87457332274308,203909.0,464.0,570.4285714285714,0.1413601859273967,0.173784243352246,0.22914451321051033,62.12201325920157
806,2022-04-06,80174198,982263,49323.0,29684.285714285714,15.026526832967644,9.043483076925417,207790.0,1117.0,557.4285714285714,0.34030027517435796,0.16982372090169393,0.16890975418233722,63.30438153847793
807,2022-04-07,80209904,982971,35706.0,29388.428571428572,10.878031893800918,8.95334854950681,205719.0,708.0,533.5714285714286,0.2156961457685277,0.1625555093715599,-0.09013452741860739,62.673439846547666
808,2022-04-08,80254009,983514,44105.0,31055.571428571428,13.436834052430669,9.461252912121564,217389.0,543.0,519.0,0.16542797620382846,0.1581162424489631,0.5079043626147541,66.22877038485095
809,2022-04-09,80267530,983786,13521.0,31359.285714285714,4.119248004147264,9.553781161900394,219515.0,272.0,538.2857142857143,0.08286631588847392,0.1639917427876942,0.09252824977883023,66.87646813330277
810,2022-04-10,80275715,983813,8185.0,31824.714285714286,2.493605865982202,9.695576570075104,222773.0,27.0,536.5714285714286,0.008225700474223514,0.1634694760909181,0.14179540817471015,67.86903599052573
811,2022-04-11,80325700,984247,49985.0,33102.57142857143,15.22820882237268,10.084882870296953,231718.0,434.0,509.2857142857143,0.13222051873381502,0.15515673116723191,0.38930630022184864,70.59418009207867
812,2022-04-12,80354734,984838,29034.0,32837.0,8.845369909948351,10.003975054521389,229859.0,591.0,527.4285714285714,0.18005144371355913,0.16068405370811226,-0.08090781577556427,70.02782538164972
813,2022-04-13,80408643,985832,53909.0,33492.142857142855,16.423677291293163,10.20356797713932,234445.0,994.0,509.85714285714283,0.30282763968067306,0.15533082006615725,0.19959292261793138,71.42497583997525
814,2022-04-14,80466106,986448,57463.0,36600.28571428572,17.506423198159474,11.150481020619115,256202.0,616.0,496.7142857142857,0.18766783304154386,0.15132677539087386,0.9469130434797943,78.0533671443338
815,2022-04-15,80513724,987171,47618.0,37102.142857142855,14.507089080799084,11.303374596100317,259715.0,723.0,522.4285714285714,0.22026597936531855,0.1591607758425153,0.15289357548120286,79.12362217270223
816,2022-04-16,80524627,987211,10903.0,36728.142857142855,3.3216597137207025,11.189433411753665,257097.0,40.0,489.2857142857143,0.012186222924775576,0.1490636197048441,-0.11394118434665224,78.32603388227565
817,2022-04-17,80535906,987228,11279.0,37170.142857142855,3.4362102092135935,11.324091175072436,260191.0,17.0,487.85714285714283,0.00517914474302962,0.1486283974575307,0.13465776331877066,79.26863822550705
818,2022-04-18,80595982,987545,60076.0,38611.71428571428,18.302488210720437,11.763273944836401,270282.0,317.0,471.14285714285717,0.09657581667884645,0.14353629716396377,0.4391827697639652,82.34291761385481
819,2022-04-19,80646004,987999,50022.0,41610.0,15.239481078578097,12.676718397497794,291270.0,454.0,451.57142857142856,0.1383136301962028,0.13757375237577002,0.913444452661393,88.73702878248456
820,2022-04-20,80708901,988610,62897.0,42894.0,19.161921582490237,13.067896153383089,300258.0,611.0,396.85714285714283,0.1861445551759469,0.12090474030366627,0.3911777558852947,91.47527307368162
821,2022-04-21,80768167,989094,59266.0,43151.57142857143,18.05571719649373,13.146366724573697,302061.0,484.0,378.0,0.14745329738978447,0.11515980663912921,0.07847057119060885,92.02456707201588
822,2022-04-22,80836264,989584,68097.0,46077.142857142855,20.74613056271106,14.037658364846836,322540.0,490.0,344.7142857142857,0.1492812308285008,0.10501912827672667,0.8912916402731383,98.26360855392787
823,2022-04-23,80855181,989681,18917.0,47222.0,5.763169476699489,14.386445473843807,330554.0,97.0,352.85714285714283,0.029551590592580772,0.10749989508641312,0.3487871089969712,100.70511831690663
824,2022-04-24,80867572,989709,12391.0,47380.857142857145,3.774987206522354,14.434842187745058,331666.0,28.0,354.42857142857144,0.008530356047342903,0.10797863955845789,0.04839671390125133,101.04389531421539
825,2022-04-25,80942184,990062,74612.0,49457.42857142857,22.730961621583884,15.067481246439836,346202.0,353.0,359.57142857142856,0.10754341731114446,0.10954543964878619,0.6326390586947781,105.47236872507884
826,2022-04-26,80996837,990368,54653.0,50119.0,16.65034103769399,15.269032669170679,350833.0,306.0,338.42857142857144,0.09322460537453316,0.10310415038854767,0.2015514227308426,106.88322868419473
827,2022-04-27,81081307,991039,84470.0,53200.857142857145,25.734256261394826,16.207937623299905,372406.0,671.0,347.0,0.2044238895631103,0.10571548387242814,0.9389049541292263,113.45556336309933
828,2022-04-28,81154876,991502,73569.0,55244.142857142855,22.41320585882036,16.83043600363228,386709.0,463.0,344.0,0.1410555303542773,0.10480151715306997,0.6224983803323738,117.81305202542595
829,2022-04-29,81236707,991921,81831.0,57206.142857142855,24.930270203932757,17.428170238092523,400443.0,419.0,333.85714285714283,0.12765068513702416,0.10171143919714473,0.5977342344602441,121.99719166664765
830,2022-04-30,81259033,992010,22326.0,57693.142857142855,6.801740325463488,17.576537502201667,403852.0,89.0,332.7142857142857,0.027114346007625655,0.10136326139929401,0.1483672641091438,123.03576251541165
831,2022-05-01,81274401,992033,15368.0,58118.42857142857,4.681946847698777,17.706103165226867,406829.0,23.0,332.0,0.007007078181745957,0.1011456502756373,0.12956566302520045,123.94272215658806
832,2022-05-02,81370245,992424,95844.0,61151.57142857143,29.199408750054758,18.630167040722707,428061.0,391.0,337.42857142857144,0.11912032908968126,0.10279949481542827,0.9240638754958397,130.41116928505895
833,2022-05-03,81439579,993088,69334.0,63248.857142857145,21.122989506659746,19.26911682200353,442742.0,664.0,388.57142857142856,0.20229130055127456,0.11838045126924847,0.6389497812808216,134.8838177540247
834,2022-05-04,81541535,995021,101956.0,65746.85714285714,31.06146361296047,20.030146443655763,460228.0,1933.0,568.8571428571429,0.5888992228397797,0.17330549888020125,0.7610296216522343,140.21102510559035
835,2022-05-05,81634962,995715,93427.0,68583.71428571429,28.46305622982519,20.894410782370738,480086.0,694.0,601.8571428571429,0.21143096774485626,0.18335913279314106,0.8642643387149747,146.26087547659517
836,2022-05-06,81730174,996168,95212.0,70495.28571428571,29.006866427843303,21.476781671500817,493467.0,453.0,606.7142857142857,0.1380089746230834,0.1848388884340067,0.582370889130079,150.33747170050574
837,2022-05-07,81760532,996264,30358.0,71642.71428571429,9.248733888758423,21.826352180542955,501499.0,96.0,607.7142857142857,0.029246935019461382,0.1851435440071261,0.34957050904213816,152.78446526380066
838,2022-05-08,81772325,996283,11793.0,71132.0,3.592803173796959,21.670760227128408,497924.0,19.0,607.1428571428571,0.005788455889268399,0.1849694551082007,-0.15559195341454668,151.69532158989884
839,2022-05-09,81884978,996612,112653.0,73533.28571428571,34.32036427861858,22.402325302637525,514733.0,329.0,598.2857142857143,0.10023168355627912,0.18227107717485755,0.731565075509117,156.81627711846266
840,2022-05-10,81978601,996916,93623.0,77003.14285714286,28.522768722156595,23.459436619137076,539022.0,304.0,546.8571428571429,0.09261529422829438,0.1666030762715747,1.057111316499551,164.21605633395953
841,2022-05-11,82140136,997481,161535.0,85514.42857142857,49.212538003840564,26.05244724640566,598601.0,565.0,351.42857142857144,0.172130398812455,0.10706467283909972,2.5930106272685833,182.36713072483963
842,2022-05-12,82255493,997853,115357.0,88647.28571428571,35.14415294833341,27.006889634763976,620531.0,372.0,305.42857142857144,0.11333187320041287,0.0930505164756078,0.9544423883583164,189.04822744334783
843,2022-05-13,82369958,998279,114465.0,91397.71428571429,34.87240017711091,27.844823027516494,639784.0,426.0,301.57142857142856,0.12978327414885987,0.0918754164078616,0.8379333927525181,194.91376119261542
844,2022-05-14,82395023,998325,25065.0,90641.57142857143,7.636191940237495,27.614459892013503,634491.0,46.0,294.42857142857144,0.014014156363491913,0.08969930517129453,-0.2303631355029907,193.30121924409448
845,2022-05-15,82414462,998352,19439.0,91733.85714285714,5.9221996858678105,27.947230822309336,642137.0,27.0,295.57142857142856,0.008225700474223514,0.09004748296914526,0.33277093029583327,195.63061575616535
846,2022-05-16,82564280,998673,149818.0,97043.14285714286,45.64288865360068,29.564734304449637,679302.0,321.0,294.42857142857144,0.097794438971324,0.08969930517129453,1.6175034821403003,206.95314013114748
847,2022-05-17,82698373,999027,134093.0,102824.57142857143,40.852179766298285,31.32607873932702,719772.0,354.0,301.57142857142856,0.10784807288426385,0.09187541640786158,1.7613444348773832,219.28255117528917
848,2022-05-18,82867288,999607,168915.0,103878.85714285714,51.46089613346166,31.64727275784432,727152.0,580.0,303.7142857142857,0.17670023240924584,0.09252824977883171,0.3211940185172999,221.53090930491027
849,2022-05-19,82988450,1000013,121162.0,104708.14285714286,36.91267855029146,31.899919272409758,732957.0,406.0,308.57142857142856,0.12369016268647211,0.09400800541969732,0.25264651456543774,223.2994349068683
850,2022-05-20,83128466,1000411,140016.0,108358.28571428571,42.65665472588443,33.01195563652026,758508.0,398.0,304.57142857142856,0.12125291810151699,0.09278938312721977,1.112036364110505,231.08368945564183
851,2022-05-21,83165773,1000526,37307.0,110107.14285714286,11.36578546636506,33.54475471168134,770750.0,115.0,314.42857142857144,0.03503539090872978,0.09579241663368232,0.5327990751610798,234.8132829817694
852,2022-05-22,83187760,1000577,21987.0,110471.14285714286,6.698462086176015,33.6556493402968,773298.0,51.0,317.85714285714283,0.01553743422908886,0.0968369500272345,0.11089462861545485,235.58954538207757
853,2022-05-23,83320644,1000826,132884.0,108052.0,40.48385117839694,32.91864398669627,756364.0,249.0,307.57142857142856,0.07585923770672796,0.09370334984657792,-0.7370053536005301,230.43050790687386
854,2022-05-24,83453009,1001375,132365.0,107805.14285714286,40.32573493594798,32.84343758236051,754636.0,549.0,335.42857142857144,0.16725590964254478,0.1021901836691895,-0.0752064043357592,229.90406307652353
855,2022-05-25,83640103,1002179,187094.0,110402.14285714286,56.999229797199035,33.63462810575156,772815.0,804.0,367.42857142857144,0.2449430807879891,0.11193916200900997,0.7911905233910517,235.44239674026093
856,2022-05-26,83764744,1002522,124641.0,110899.14285714286,37.97257528917381,33.786041925591896,776294.0,343.0,358.42857142857144,0.10449686157995057,0.10919726185093545,0.15141381984033586,236.50229347914328
857,2022-05-27,83903655,1003124,138911.0,110741.28571428571,42.3200103175875,33.73794986726376,775189.0,602.0,387.57142857142856,0.18340265501787242,0.11807579569612907,-0.048092058328137455,236.16564907084637
858,2022-05-28,83917417,1003159,13762.0,107377.71428571429,4.192669997269037,32.71321908596433,751644.0,35.0,376.14285714285717,0.010662945059178629,0.11459401771762177,-1.024730781299425,228.99253360175032
859,2022-05-29,83926462,1003167,9045.0,105528.85714285714,2.7556096588648775,32.14995445349131,738702.0,8.0,370.0,0.002437244584955115,0.1127225620541741,-0.5632646324730217,225.0496811744392
860,2022-05-30,83958614,1003189,32152.0,91138.57142857143,9.795285986934609,27.765873711853835,637970.0,22.0,337.57142857142856,0.006702422608626566,0.10284301704015962,-4.384080741637476,194.36111598297686
861,2022-05-31,84140997,1003571,182383.0,98284.0,55.563997392233595,29.942768348466068,687988.0,382.0,313.7142857142857,0.11637842893160674,0.0955748055100256,2.176894636612232,209.59937843926247
862,2022-06-01,84360023,1004163,219026.0,102845.71428571429,66.72749155804739,31.332520028587258,719920.0,592.0,283.42857142857144,0.18035609928667853,0.08634809386698124,1.38975168012119,219.32764020011084
863,2022-06-02,84471393,1004534,111370.0,100949.85714285714,33.9294911783064,30.75493658417763,706649.0,371.0,287.42857142857144,0.11302721762729347,0.0875667161594588,-0.5775834444096262,215.2845560892434
864,2022-06-03,84613605,1004941,142212.0,101421.42857142857,43.3256783644546,30.898603448015784,709950.0,407.0,259.57142857142856,0.12399481825959148,0.07907988233684723,0.14366686383815264,216.2902241361105
865,2022-06-04,84657255,1005134,43650.0,105691.14285714286,13.298215766661349,32.19939570078611,739838.0,193.0,282.14285714285717,0.05879852561204215,0.08595639384439915,1.3007922527703286,225.39576990550282
866,2022-06-05,84673734,1005152,16479.0,106753.14285714286,5.020419189434418,32.522939919438905,747272.0,18.0,283.57142857142856,0.005483800316149009,0.08639161609171257,0.3235442186527919,227.66057943607237
867,2022-06-06,84810837,1005473,137103.0,121746.14285714286,41.769193041387645,37.09064092721791,852223.0,321.0,326.2857142857143,0.097794438971324,0.09940476128638365,4.567701007779007,259.6344864905254
868,2022-06-07,84953650,1005943,142813.0,116093.28571428571,43.50877636389936,35.368466494598735,812653.0,470.0,338.85714285714283,0.14318811936611303,0.10323471706274169,-1.7221744326191768,247.57926546219116
869,2022-06-08,85132456,1006988,178806.0,110347.57142857143,54.474244407185545,33.61800261590419,772433.0,1045.0,403.57142857142856,0.31836507390976193,0.12295028486603932,-1.7504638786945463,235.3260183113293
870,2022-06-09,85250167,1007331,117711.0,111253.42857142857,35.86131216745645,33.89397704292562,778774.0,343.0,399.57142857142856,0.10449686157995057,0.12173166257356174,0.27597442702143127,237.2578393004794
871,2022-06-10,85386208,1007702,136041.0,110371.85714285714,41.44564882273485,33.625401394108515,772603.0,371.0,394.42857142857144,0.11302721762729347,0.12016486248323346,-0.26857564881710516,235.37780975875958
872,2022-06-11,85421581,1007826,35373.0,109189.42857142857,10.776581587952162,33.2651679400072,764326.0,124.0,384.57142857142856,0.03777729106680429,0.11716182897677092,-0.36023345410131213,232.85617558005046
873,2022-06-12,85439974,1007845,18393.0,109462.85714285714,5.6035299563849295,33.348469478142995,766240.0,19.0,384.7142857142857,0.005788455889268399,0.11720535120150226,0.08330153813579244,233.43928634700092
874,2022-06-13,85565377,1008116,125403.0,107791.42857142857,38.20472283589079,32.8392594487863,754540.0,271.0,377.57142857142856,0.08256166031535453,0.11502923996493519,-0.5092100293566943,229.87481614150408
875,2022-06-14,85700792,1008554,135415.0,106734.57142857143,41.25493443396212,32.51728203022384,747142.0,438.0,373.0,0.13343914102629256,0.11363652877353225,-0.32197741856246154,227.62097421156685
876,2022-06-15,85872596,1009208,171804.0,105734.28571428571,52.341046084203576,32.21253941265498,740140.0,654.0,317.14285714285717,0.1992447448200807,0.0966193389035778,-0.3047426175688557,225.48777588858488
877,2022-06-16,85976793,1009543,104197.0,103803.71428571429,31.744196752321017,31.624380067635634,726626.0,335.0,316.0,0.10205961699499544,0.09627116110572707,-0.5881593450193492,221.37066047344945
878,2022-06-17,86093350,1009847,116557.0,101020.28571428571,35.509739636076674,30.776393040970184,707142.0,304.0,306.42857142857144,0.09261529422829438,0.0933551720487272,-0.8479870266654501,215.43475128679125
879,2022-06-18,86108115,1009871,14765.0,98076.28571428571,4.498239537107785,29.8794870337067,686534.0,24.0,292.14285714285717,0.0073117337548653455,0.08900294957559307,-0.8969060072634853,209.15640923594688
880,2022-06-19,86122722,1009893,14607.0,97535.42857142857,4.450103956554921,29.71471189087384,682748.0,22.0,292.57142857142856,0.006702422608626566,0.08913351624978708,-0.164775142832859,208.00298323611688
881,2022-06-20,86176918,1009982,54196.0,87363.0,16.511113440778427,26.615624834429216,611541.0,89.0,266.57142857142856,0.027114346007625655,0.08121247134868295,-3.099087056444624,186.30937384100451
882,2022-06-21,86386656,1010552,209738.0,97980.57142857143,63.8978505949145,29.8503271431367,685864.0,570.0,285.42857142857144,0.17365367667805195,0.08695740501322002,3.234702308707483,208.95229000195687
883,2022-06-22,86557097,1011326,170441.0,97785.85714285714,51.925800538041855,29.79100635082788,684501.0,774.0,302.57142857142856,0.2358034135944074,0.09218007198098098,-0.05932079230881726,208.53704445579515
884,2022-06-23,86673590,1011825,116493.0,99542.42857142857,35.49024167939703,30.326155626124457,696797.0,499.0,326.0,0.1520231309865753,0.09931771683692096,0.5351492752965754,212.28308938287117
885,2022-06-24,86829149,1012317,155559.0,105114.14285714286,47.391916298879096,32.023609435096226,735799.0,492.0,352.85714285714283,0.14989054197473958,0.10749989508641312,1.697453808971769,224.1652660456736
886,2022-06-25,86876818,1012480,47669.0,109814.71428571429,14.522626515028174,33.45566471765629,768703.0,163.0,372.7142857142857,0.049658858418460475,0.11354948432406957,1.4320552825600643,234.189653023594
887,2022-06-26,86895056,1012486,18238.0,110333.42857142857,5.556308342551424,33.61369391565579,772334.0,6.0,370.42857142857144,0.0018279334387163364,0.11285312872836813,0.15802919799949677,235.2958574095905
888,2022-06-27,87027295,1012765,132239.0,121482.42857142857,40.28734833373493,37.01029890036386,850377.0,279.0,397.57142857142856,0.08499890490030965,0.12112235142732297,3.3966049847080697,259.07209230254705
889,2022-06-28,87149583,1013306,122288.0,108989.57142857143,37.25572072562389,33.204280347608055,762927.0,541.0,393.42857142857144,0.16481866505758966,0.11986020691011408,-3.806018552755802,232.4299624332564
890,2022-06-29,87345359,1013999,195776.0,112608.85714285714,59.64424948302158,34.30691591117659,788262.0,693.0,381.85714285714283,0.21112631217173686,0.11633490670687542,1.1026355635685334,240.14841137823612
891,2022-06-30,87469077,1014452,123718.0,113641.0,37.69137819518462,34.62136398486053,795487.0,453.0,375.2857142857143,0.1380089746230834,0.11433288436923372,0.31444807368394123,242.34954789402371
892,2022-07-01,87621338,1014974,152261.0,113169.85714285714,46.38716221873135,34.47782768769657,792189.0,522.0,379.57142857142856,0.15903020916832125,0.11563855111117397,-0.143536297163962,241.34479381387598
893,2022-07-02,87633658,1014995,12320.0,108120.0,3.7533566608308777,32.93936056566838,756840.0,21.0,359.2857142857143,0.0063977670355071774,0.10945839519932347,-1.5384671220281874,230.5755239596787
894,2022-07-03,87640519,1014998,6861.0,106494.71428571429,2.0902418871721307,32.44420821489991,745463.0,3.0,358.85714285714283,0.0009139667193581682,0.10932782852512946,-0.4951523507684712,227.10945750429937
895,2022-07-04,87676181,1015062,35662.0,92698.0,10.864627048583666,28.24096231702116,648886.0,64.0,328.14285714285717,0.01949795667964092,0.09997055020789107,-4.203245897878748,197.6867362191481
896,2022-07-05,87857067,1015488,180886.0,101069.14285714286,55.107927999273876,30.791277641828298,707484.0,426.0,311.7142857142857,0.12978327414885987,0.09496549436378683,2.550315324807137,215.5389434927981
897,2022-07-06,88097358,1016205,240291.0,107428.42857142857,73.2059923204312,32.72866947574396,751999.0,717.0,315.14285714285717,0.21843804592660218,0.09601002775733902,1.9373918339156653,229.10068633020774
898,2022-07-07,88221970,1016680,124612.0,107556.14285714286,37.96374027755335,32.76757834465378,752893.0,475.0,318.2857142857143,0.14471139723170998,0.09696751670142852,0.03890886890981449,229.37304841257645
899,2022-07-08,88390029,1017242,168059.0,109813.0,51.20011096287146,33.45514245095951,768691.0,562.0,324.0,0.17121643209309684,0.09870840569068218,0.6875641063057287,234.18599715671655
900,2022-07-09,88413615,1017278,23586.0,111422.42857142857,7.185606347593918,33.94546383478281,779957.0,36.0,326.14285714285717,0.010967600632298019,0.0993612390616523,0.49032138382330004,237.6182468434796
901,2022-07-10,88436184,1017286,22569.0,113666.42857142857,6.875771629731499,34.62911094086271,795665.0,8.0,326.85714285714283,0.002437244584955115,0.09957885018530901,0.6836471060799028,242.403776586039
902,2022-07-11,88611513,1017837,175329.0,133618.85714285713,53.41495697944943,40.70772950241496,935332.0,551.0,396.42857142857144,0.16786522078878358,0.12077417362947225,6.078618561552254,284.95410651690474
903,2022-07-12,88795782,1018359,184269.0,134102.14285714287,56.13857780313677,40.85496518868109,938715.0,522.0,410.14285714285717,0.15903020916832125,0.124952307203681,0.1472356862661286,285.98475632076764
904,2022-07-13,88986908,1019239,191126.0,127078.57142857143,58.22760106801642,38.71519500976469,889550.0,880.0,433.42857142857144,0.26809690434506267,0.13204642983488965,-2.1397701789164003,271.0063650683528
905,2022-07-14,89131091,1019697,144183.0,129874.42857142857,43.92615449907292,39.566968469981774,909121.0,458.0,431.0,0.13953225248868034,0.13130655201445687,0.8517734602170819,276.9687792898724
906,2022-07-15,89300973,1020230,169882.0,130134.85714285714,51.75549807266811,39.64630948566701,910944.0,533.0,426.85714285714283,0.16238142047263454,0.13004440749724794,0.07934101568523744,277.52416639966907
907,2022-07-16,89322015,1020272,21042.0,129771.42857142857,6.410562569578191,39.53558894595047,908400.0,42.0,427.7142857142857,0.012795534071014355,0.130305540845636,-0.11072053971653872,276.7491226216533
908,2022-07-17,89343986,1020283,21971.0,129686.0,6.693587597006105,39.50956265556113,907802.0,11.0,428.14285714285717,0.003351211304313283,0.13043610751983,-0.026026290389339124,276.56693858892794
909,2022-07-18,89514434,1020803,170448.0,128988.71428571429,51.927933127053684,39.297130676647456,902921.0,520.0,423.7142857142857,0.15842089802208248,0.12908691855315843,-0.2124319789136777,275.0799147365322
910,2022-07-19,89675305,1021350,160871.0,125646.14285714286,49.01024670328929,38.27879766238353,879523.0,547.0,427.2857142857143,0.166646598496306,0.13017497417144197,-1.0183330142639235,267.95158363668475
911,2022-07-20,89879921,1022142,204616.0,127573.28571428571,62.33740474939698,38.86591247400933,893013.0,792.0,414.7142857142857,0.2412872139105564,0.1263450183950839,0.5871148116257956,272.0613873180653
912,2022-07-21,90033432,1022693,153511.0,128905.85714285714,46.767981685130586,39.27188778630328,902341.0,551.0,428.0,0.16786522078878358,0.13039258529509867,0.405975312293954,274.90321450412296
913,2022-07-22,90199121,1023273,165689.0,128306.85714285714,50.47807725457851,39.08939909800477,898148.0,580.0,434.7142857142857,0.17670023240924584,0.13243812985747172,-0.1824886882985126,273.6257936860333
914,2022-07-23,90223372,1023329,24251.0,128765.28571428571,7.3882023037183115,39.22906191716764,901357.0,56.0,436.7142857142857,0.017060712094685807,0.13304744100371052,0.13966281916287215,274.6034334201735
915,2022-07-24,90244872,1023343,21500.0,128698.0,6.550094822066873,39.20856294931917,900886.0,14.0,437.14285714285717,0.004265178023671452,0.13317800767790453,-0.02049896784846794,274.45994064523427
916,2022-07-25,90412575,1023855,167703.0,128305.85714285714,51.09165357884097,39.089094442431644,898141.0,512.0,436.0,0.15598365343712736,0.1328298298800538,-0.11946850688752875,273.6236610970215
917,2022-07-26,90576810,1024374,164235.0,128786.42857142857,50.035108051262924,39.23550320642788,901505.0,519.0,432.0,0.1581162424489631,0.13161120758757622,0.14640876399623437,274.64852244499514
918,2022-07-27,90803295,1025198,226485.0,131910.57142857142,68.9999174779449,40.18729073907758,923374.0,824.0,436.57142857142856,0.2510361922503769,0.13300391877897916,0.9517875326497034,281.3110351735431
919,2022-07-28,90952402,1025682,149107.0,131281.42857142858,45.426278541112794,39.995618861360754,918970.0,484.0,427.0,0.14745329738978447,0.13008792972197927,-0.19167187771682848,279.9693320295253
920,2022-07-29,91091698,1026300,139296.0,127511.0,42.437302713238466,38.84693678402646,892577.0,618.0,432.42857142857144,0.18827714418778266,0.13174177426177028,-1.1486820773342927,271.9285574881852
921,2022-07-30,91103665,1026322,11967.0,125756.14285714286,3.6458132435197332,38.31230977542667,880293.0,22.0,427.57142857142856,0.006702422608626566,0.13026201862090464,-0.5346270085997915,268.1861684279867
922,2022-07-31,91114530,1026331,10865.0,124236.85714285714,3.3100828019421655,37.84945091540885,869658.0,9.0,426.85714285714283,0.0027419001580745047,0.13004440749724794,-0.4628588600178176,264.94615640786196
923,2022-08-01,91291256,1026937,176726.0,125525.85714285714,53.84056081509721,38.24215194915974,878681.0,606.0,440.2857142857143,0.18462127731035,0.13413549662199403,0.39270103375088894,267.6950636441182
924,2022-08-02,91399466,1027382,108210.0,117522.28571428571,32.96677956724913,35.80381930858634,822656.0,445.0,429.7142857142857,0.13557173003812828,0.13091485199187478,-2.4383326405733996,250.62673516010443
925,2022-08-03,91616745,1028439,217279.0,116207.14285714286,66.19525827180782,35.40315370770962,813450.0,1057.0,463.0,0.32202094078719457,0.14105553035427731,-0.4006656008767209,247.8220759539673
926,2022-08-04,91781476,1029112,164731.0,118439.14285714286,50.186217215530135,36.08314494691209,829074.0,673.0,490.0,0.20503320070934908,0.1492812308285008,0.6799912392024723,252.58201462838463
927,2022-08-05,91913390,1029769,131914.0,117384.57142857143,40.188335272471136,35.76186388394533,821692.0,657.0,495.57142857142856,0.20015871153943882,0.15097859759302312,-0.3212810629667615,250.33304718761732
928,2022-08-06,91924176,1029797,10786.0,117215.85714285714,3.286015011665734,35.71046413653762,820511.0,28.0,496.42857142857144,0.008530356047342903,0.15123973094141116,-0.05139974740771436,249.97324895576332
929,2022-08-07,91934257,1029808,10081.0,117103.85714285714,3.0712328326165648,35.676342712348244,819727.0,11.0,496.7142857142857,0.003351211304313283,0.15132677539087383,-0.03412142418937236,249.7343989864377
930,2022-08-08,92079701,1030371,145444.0,112635.0,44.31032517677647,34.31488047830243,788445.0,563.0,490.57142857142856,0.17152108766621624,0.14945531972742618,-1.361462234045817,240.20416334811696
931,2022-08-09,92208348,1030933,128647.0,115554.57142857143,39.193025515090085,35.20434418513685,808882.0,562.0,507.2857142857143,0.17121643209309684,0.15454742002099311,0.8894637068344196,246.43040929595793
932,2022-08-10,92383180,1031805,174832.0,109490.71428571429,53.263543159609085,33.356956311965604,766435.0,872.0,480.85714285714283,0.2656596597601076,0.14649580844569496,-1.8473878731712432,233.4986941837592
933,2022-08-11,92520198,1032506,137018.0,105531.71428571429,41.7432973176725,32.15082489798594,738722.0,701.0,484.85714285714283,0.21356355675669197,0.14771443073817253,-1.2061314139796622,225.05577428590158
934,2022-08-12,92641966,1033177,121768.0,104082.28571428571,37.09729982760181,31.70924840586175,728576.0,671.0,486.85714285714283,0.2044238895631103,0.1483237418844113,-0.4415764921241916,221.96473884103224
935,2022-08-13,92648820,1033195,6854.0,103520.57142857143,2.088109298160295,31.538119018218115,724644.0,18.0,485.42857142857144,0.005483800316149009,0.1478885196370979,-0.17112938764363506,220.76683312752678
936,2022-08-14,92659524,1033207,10704.0,103609.57142857143,3.261033254669944,31.56523336422574,725267.0,12.0,485.57142857142856,0.0036558668774326728,0.14793204186182926,0.0271143460076253,220.95663354958018
937,2022-08-15,92788886,1033762,129362.0,101312.14285714286,39.410854249870454,30.865308946096313,709185.0,555.0,484.42857142857144,0.16908384308126112,0.14758386406397853,-0.6999244181294273,216.05716262267418
938,2022-08-16,92909503,1034234,120617.0,100165.0,36.746641262941395,30.515825481503644,701155.0,472.0,471.57142857142856,0.1437974305123518,0.14366686383815777,-0.34948346459266943,213.61077837052548
939,2022-08-17,93069322,1035194,159819.0,98020.28571428571,48.689749040367694,29.862426321612013,686142.0,960.0,484.14285714285717,0.2924693501946138,0.14749681961451583,-0.6533991598916309,209.03698425128405
940,2022-08-18,93195688,1035802,126366.0,96498.57142857143,38.498106152804766,29.398827583773766,675490.0,608.0,470.85714285714283,0.18523058845658877,0.14344925271450107,-0.4635987378382467,205.79179308641633
941,2022-08-19,93304179,1036333,108491.0,94601.85714285714,33.05238778329568,28.820983006015748,662213.0,531.0,450.85714285714283,0.16177210932639577,0.1373561412521133,-0.5778445777580181,201.74688104211023
942,2022-08-20,93312106,1036360,7927.0,94755.14285714286,2.4150047281174,28.867682353152475,663286.0,27.0,452.14285714285717,0.008225700474223514,0.13774784127469536,0.04669934713672674,202.07377647206735
943,2022-08-21,93320628,1036368,8522.0,94443.42857142857,2.5962747941234365,28.77271685878869,661104.0,8.0,451.57142857142856,0.002437244584955115,0.13757375237577,-0.09496549436378388,201.4090180115208
944,2022-08-22,93441270,1036961,120642.0,93197.71428571429,36.75425765226938,28.393203059131395,652384.0,593.0,457.0,0.18066075485979793,0.13922759691556097,-0.37951379965729615,198.75242141391973
945,2022-08-23,93546473,1037466,105203.0,90995.71428571429,32.050680258879126,27.722351487122495,636970.0,505.0,461.7142857142857,0.15385106442529164,0.14066383033169522,-0.6708515720088997,194.05646040985746
946,2022-08-24,93720590,1038392,174117.0,93038.28571428571,53.04571442482873,28.344632256331217,651268.0,926.0,456.85714285714283,0.2821110607085546,0.13918407469082963,0.6222807692087216,198.4124257943185
947,2022-08-25,93831767,1039036,111177.0,90868.42857142857,33.87069265269436,27.683573184886875,636079.0,644.0,462.0,0.19619818908888675,0.14075087478115791,-0.6610590714443418,193.7850122942081
948,2022-08-26,93934199,1039673,102432.0,90002.85714285714,31.206479665765297,27.419872025239673,630020.0,637.0,477.14285714285717,0.19406560007705106,0.1453642306026801,-0.2637011596472014,191.93910417667772
949,2022-08-27,93943022,1039703,8823.0,90130.85714285714,2.6879761216323725,27.458867938598956,630916.0,30.0,477.57142857142856,0.00913966719358168,0.14549479727687414,0.03899591335928321,192.2120755701927
950,2022-08-28,93951561,1039706,8539.0,90133.28571428571,2.601453938866466,27.45960781641939,630933.0,3.0,476.85714285714283,0.0009139667193581682,0.1452771861532174,0.0007398778204326106,192.2172547149357
951,2022-08-29,94063866,1040297,112305.0,88942.28571428571,34.21434413917303,27.0967630288342,622596.0,591.0,476.57142857142856,0.18005144371355913,0.14519014170375472,-0.362844787585189,189.67734120183937
952,2022-08-30,94180902,1040764,117036.0,90632.71428571429,35.65566965560086,27.61176151408016,634429.0,467.0,471.14285714285717,0.14227415264675483,0.14353629716396377,0.514998485245961,193.2823305985611
953,2022-08-31,94335008,1042167,154106.0,87774.0,46.94925175113662,26.740838274981286,614418.0,1403.0,539.2857142857143,0.4274317690865034,0.16429639836081358,-0.8709232390988753,187.185867924869
954,2022-09-01,94443668,1042880,108660.0,87414.42857142857,33.10387457515285,26.631292835332506,611901.0,713.0,549.1428571428571,0.21721942363412464,0.16729943186727617,-0.10954543964878027,186.4190498473275
955,2022-09-02,94532021,1043382,88353.0,85403.14285714286,26.917233851817414,26.018543433339946,597822.0,502.0,529.8571428571429,0.15293709770593347,0.16142393152854506,-0.6127494019925592,182.1298040333796
956,2022-09-03,94539458,1043401,7437.0,85205.14285714286,2.265723497288899,25.958221629862305,596436.0,19.0,528.2857142857143,0.005788455889268399,0.16094518705650027,-0.06032180347764182,181.70755140903614
957,2022-09-04,94545281,1043402,5823.0,84817.14285714286,1.7740094022742046,25.84001526749198,593720.0,1.0,528.0,0.0003046555731193894,0.16085814260703762,-0.11820636237032289,180.8801068724439
958,2022-09-05,94563745,1043455,18464.0,71411.28571428571,5.625160502076406,21.75584617647818,499879.0,53.0,451.14285714285717,0.016146745375327638,0.13744318570157596,-4.084169091013802,152.29092323534726
959,2022-09-06,94689639,1044083,125894.0,72676.71428571429,38.35430872229241,22.1413660431484,508737.0,628.0,474.14285714285717,0.19132369991897652,0.1444502638833219,0.38551986667021865,154.9895623020388
960,2022-09-07,94833490,1044912,143851.0,71211.71428571429,43.82500884879729,21.695045628528497,498482.0,829.0,392.14285714285717,0.25255947011597385,0.119468506887532,-0.44632041461990113,151.86531939969947
961,2022-09-08,94921915,1045586,88425.0,68321.0,26.939169053082008,20.814373411089804,478247.0,674.0,386.57142857142856,0.20533785628246845,0.1177711401230097,-0.8806722174386934,145.70061387762863
962,2022-09-09,94995800,1046119,73885.0,66254.14285714286,22.509477019926084,20.184693863676756,463779.0,533.0,391.0,0.16238142047263454,0.11912032908968126,-0.6296795474130477,141.2928570457373
963,2022-09-10,94999027,1046145,3227.0,65652.71428571429,0.9831235344562695,20.00146529755781,459569.0,26.0,392.0,0.007921044901104124,0.11942498466280065,-0.18322856611894522,140.01025708290467
964,2022-09-11,95010491,1046164,11464.0,66458.57142857143,3.49257149024068,20.246974167267307,465210.0,19.0,394.57142857142856,0.005788455889268399,0.1202083847079648,0.24550886970949648,141.72881917087113
965,2022-09-12,95098004,1046733,87513.0,76322.71428571429,26.661323170397125,23.252140262741694,534259.0,569.0,468.2857142857143,0.17334902110493255,0.14266585266933693,3.0051660954743866,162.76498183919185
966,2022-09-13,95159646,1047221,61642.0,67143.85714285714,18.7795788382254,20.45575027930355,470007.0,488.0,448.2857142857143,0.14867191968226204,0.13657274120694915,-2.796389983438143,143.19025195512484
967,2022-09-14,95275075,1048141,115429.0,63083.57142857143,35.166088149598004,19.218761607989368,441585.0,920.0,461.2857142857143,0.28028312726983823,0.1405332636575012,-1.236988671314183,134.53133125592558
968,2022-09-15,95369503,1048765,94428.0,63941.142857142855,28.768016458517703,19.48002552305161,447588.0,624.0,454.14285714285717,0.19010507762649898,0.13835715242093413,0.26126391506224067,136.36017866136126
969,2022-09-16,95428258,1049213,58755.0,61779.71428571428,17.900038198629723,18.821534262866415,432458.0,448.0,442.0,0.13648569675748645,0.13465776331877014,-0.658491260185194,131.75073984006488
970,2022-09-17,95434981,1049235,6723.0,62279.142857142855,2.048199418081655,18.973687960527183,435954.0,22.0,441.42857142857144,0.006702422608626566,0.13448367441984477,0.15215369766076847,132.8158157236903
971,2022-09-18,95440240,1049243,5259.0,61392.71428571428,1.6021836590348688,18.703632556069213,429749.0,8.0,439.85714285714283,0.002437244584955115,0.1340049299478,-0.2700554044579704,130.92542789248446
972,2022-09-19,95507606,1049750,67366.0,58514.57142857143,20.523427338760786,17.826790294406877,409602.0,507.0,431.0,0.15446037557153042,0.13130655201445682,-0.8768422616623361,124.78753206084815
973,2022-09-20,95559194,1050158,51588.0,57078.28571428572,15.71657170608306,17.389217846957973,399548.0,408.0,419.57142857142856,0.12429947383271088,0.12782477403594952,-0.437572447448904,121.7245249287058
974,2022-09-21,95666528,1051083,107334.0,55921.857142857145,32.699901285196546,17.036905437757763,391453.0,925.0,420.2857142857143,0.2818064051354352,0.12804238515960623,-0.35231240920020923,119.25833806430434
975,2022-09-22,95760230,1051601,93702.0,55818.142857142855,28.54683651243303,17.00530830260281,390727.0,518.0,405.14285714285717,0.1578115868758437,0.12342902933808406,-0.03159713515495355,119.03715811821968
976,2022-09-23,95804726,1052056,44496.0,53781.142857142855,13.55595438152035,16.384724900158613,376468.0,455.0,406.14285714285717,0.1386182857693222,0.12373368491120344,-0.620583402444197,114.6930743011103
977,2022-09-24,95812817,1052093,8091.0,53976.57142857143,2.46496824210898,16.44426330359109,377836.0,37.0,408.2857142857143,0.011272256205417408,0.12438651828217358,0.05953840343247663,115.10984312513762
978,2022-09-25,95819136,1052099,6319.0,54128.0,1.9251185665414214,16.49039686180631,378896.0,6.0,408.0,0.0018279334387163364,0.1242994738327109,0.046133558215220916,115.43277803264417
979,2022-09-26,95877656,1052503,58520.0,52864.28571428572,17.82844413894667,16.105399261832865,370050.0,404.0,393.2857142857143,0.12308085154023332,0.11981668468538273,-0.3849975999734454,112.73779483283006
980,2022-09-27,95919539,1052948,41883.0,51477.857142857145,12.759889368959385,15.683016070815198,360345.0,445.0,398.57142857142856,0.13557173003812828,0.12142700700044237,-0.4223831910176674,109.78111249570638
981,2022-09-28,96019867,1054260,100328.0,50477.0,30.5654843399221,15.378099364347419,353339.0,1312.0,453.85714285714283,0.3997081119326389,0.13827010797147146,-0.3049167064677789,107.64669555043194
982,2022-09-29,96104859,1054893,84992.0,49232.71428571428,25.893286470563144,14.999020786937434,344629.0,633.0,470.2857142857143,0.19284697778457352,0.14327516381557573,-0.3790785774099845,104.99314550856205
983,2022-09-30,96144226,1055290,39367.0,48500.0,11.993375946991002,14.775795296290385,339500.0,397.0,462.0,0.12094826252839759,0.14075087478115791,-0.22322549064704944,103.43056707403271
984,2022-10-01,96150643,1055316,6417.0,48260.857142857145,1.9549748127071216,14.70293909209012,337826.0,26.0,460.42857142857144,0.007921044901104124,0.14027213030911317,-0.0728562042002654,102.92057364463085
985,2022-10-02,96156591,1055316,5948.0,48207.857142857145,1.8120913489141284,14.686792346714793,337455.0,0.0,459.57142857142856,0.0,0.1400109969607251,-0.016146745375326788,102.80754642700354
986,2022-10-03,96204427,1055596,47836.0,46681.57142857143,14.573503995739113,14.221800897685142,326771.0,280.0,441.85714285714283,0.08530356047342903,0.1346142410940388,-0.4649914490296503,99.552606283796
987,2022-10-04,96240281,1056073,35854.0,45820.28571428572,10.923120918622587,13.959405404779885,320742.0,477.0,446.42857142857144,0.14532070837794875,0.1360069522854417,-0.26239549290525765,97.7158378334592
988,2022-10-05,96320795,1057185,80514.0,42989.71428571428,24.52903881413452,13.097056043953089,300928.0,1112.0,417.85714285714283,0.338776997308761,0.12730250733917345,-0.862349360826796,91.67939230767162
989,2022-10-06,96394630,1057889,73835.0,41395.857142857145,22.494244241270117,12.61147858262551,289771.0,704.0,428.0,0.21447752347605012,0.13039258529509867,-0.48557746132757806,88.28035007837859
990,2022-10-07,96429284,1058206,34654.0,40722.57142857143,10.55753423087932,12.4063583374667,285058.0,317.0,416.57142857142856,0.09657581667884645,0.12691080731659138,-0.20512024515880967,86.84450836226691
991,2022-10-08,96422344,1058156,-6940.0,38814.42857142857,-2.1143096774485626,11.825031981730175,271701.0,-50.0,405.7142857142857,-0.01523277865596947,0.12360311823700942,-0.5813263557365254,82.77522387211121
992,2022-10-09,96428398,1058159,6054.0,38829.57142857143,1.8443848396647835,11.829645337551698,271807.0,3.0,406.14285714285717,0.0009139667193581682,0.12373368491120344,0.004613355821522447,82.80751736286189
993,2022-10-10,96452692,1058322,24294.0,35466.42857142857,7.401302493362445,10.805045122926458,248265.0,163.0,389.42857142857144,0.049658858418460475,0.11864158461763652,-1.0246002146252398,75.6353158604852
994,2022-10-11,96493867,1058919,41175.0,36226.57142857143,12.54419322319086,11.036626880721927,253586.0,597.0,406.57142857142856,0.18187937715227548,0.12386425158539748,0.2315817577954693,77.25638816505348
995,2022-10-12,96567547,1059706,73680.0,35250.28571428572,22.44702262743661,10.739195996907938,246752.0,787.0,360.14285714285717,0.23976393604495946,0.10971952854771154,-0.2974308838139894,75.17437197835557
996,2022-10-13,96643191,1060345,75644.0,35508.71428571428,23.045366173043092,10.817927701446935,248561.0,639.0,350.85714285714283,0.19467491122328984,0.10689058394017435,0.07873170453899725,75.72549391012855
997,2022-10-14,96672841,1060730,29650.0,34793.857142857145,9.033037742989896,10.600142488891304,243557.0,385.0,360.57142857142856,0.11729239565096493,0.10985009522190557,-0.217785212555631,74.20099742223913
998,2022-10-15,96675617,1060748,2776.0,36181.857142857145,0.845723870979425,11.023004424381016,253273.0,18.0,370.2857142857143,0.005483800316149009,0.11280960650363679,0.4228619354897116,77.16103097066711
999,2022-10-16,96682663,1060760,7046.0,36323.57142857143,2.146603168199218,11.066178471314506,254265.0,12.0,371.57142857142856,0.0036558668774326728,0.11320130652621886,0.04317404693349047,77.46324929920155
1000,2022-10-17,96729811,1061118,47148.0,39588.42857142857,14.363900961432972,12.060835395324583,277119.0,358.0,399.42857142857144,0.1090666951767414,0.12168814034883042,0.9946569240100764,84.42584776727207
1001,2022-10-18,96757935,1061498,28124.0,37724.0,8.568133338409707,11.492826840355846,264068.0,380.0,368.42857142857144,0.11576911778536797,0.11224381758212933,-0.5680085549687366,80.44978788249091
1002,2022-10-19,96826394,1062203,68459.0,36978.142857142855,20.85641588018028,11.265597305033513,258847.0,705.0,356.7142857142857,0.21478217904916955,0.10867499515415936,-0.22722953532233348,78.85918113523459
1003,2022-10-20,96887495,1062741,61101.0,34900.57142857143,18.61476017316781,10.632653590765614,244304.0,538.0,342.2857142857143,0.1639046983382315,0.10427925045629387,-0.6329437142678991,74.42857513535931
1004,2022-10-21,96921457,1063369,33962.0,35516.57142857143,10.346712574280703,10.82032142380716,248616.0,628.0,377.0,0.19132369991897652,0.11485515106600983,0.18766783304154622,75.74224996665012
1005,2022-10-22,96924033,1063379,2576.0,35488.0,0.784792756355547,10.811616978860892,248416.0,10.0,375.85714285714283,0.003046555731193894,0.11450697326815909,-0.008704444946268097,75.68131885202624
1006,2022-10-23,96931008,1063380,6975.0,35477.857142857145,2.124972622507741,10.808526900904965,248345.0,1.0,374.2857142857143,0.0003046555731193894,0.11402822879611432,-0.003090077955926418,75.65968830633476
1007,2022-10-24,96970800,1063613,39792.0,34427.0,12.122854565566744,10.488377415781217,240989.0,233.0,356.42857142857144,0.07098474853681773,0.10858795070469666,-0.3201494851237481,73.41864191046854
1008,2022-10-25,96996456,1063993,25656.0,34074.42857142857,7.816243383951054,10.380964565144268,238521.0,380.0,356.42857142857144,0.11576911778536797,0.10858795070469666,-0.10741285063694939,72.66675195600988
1009,2022-10-26,97077271,1065118,80815.0,35839.57142857143,24.620740141643456,10.918725173924722,250877.0,1125.0,416.42857142857144,0.34273751975931305,0.12686728509186002,0.5377606087804541,76.43107621747306
1010,2022-10-27,97146134,1065706,68863.0,36948.42857142857,20.979496731720513,11.256544682289393,258639.0,588.0,423.57142857142856,0.17913747699420096,0.1290433963284271,0.3378195083646709,78.79581277602576
1011,2022-10-28,97179235,1065942,33101.0,36825.42857142857,10.084404125824909,11.219072046795711,257778.0,236.0,367.57142857142856,0.0718987152561759,0.11198268423374128,-0.03747263549368185,78.53350432756996
1012,2022-10-29,97182927,1065964,3692.0,36984.857142857145,1.1247883759567858,11.267642849595887,258894.0,22.0,369.2857142857143,0.006702422608626566,0.11250495093051738,0.04857080280017634,78.8734999471712
1013,2022-10-30,97186606,1065966,3679.0,36514.0,1.1208278535062337,11.124193596881385,255598.0,2.0,369.42857142857144,0.0006093111462387788,0.11254847315524873,-0.14344925271450215,77.8693551781697
1014,2022-10-31,97233018,1066150,46412.0,37459.71428571428,14.1396744596171,11.412310724602863,262218.0,184.0,362.42857142857144,0.056056625453967654,0.11041588414341298,0.2881171277214776,79.88617507222006
1015,2022-11-01,97262328,1066491,29310.0,37981.71428571428,8.929454848129303,11.571340933771186,265872.0,341.0,356.85714285714283,0.10388755043371178,0.10871851737889068,0.1590302091683231,80.9993865363983
1016,2022-11-02,97338475,1067366,76147.0,37314.857142857145,23.198607926322143,11.368179188725284,261204.0,875.0,321.14285714285717,0.2665736264794657,0.09783796119605535,-0.203161745045902,79.57725432107699
1017,2022-11-03,97416551,1067922,78076.0,38631.0,23.786288526869445,11.769149445175131,270417.0,556.0,316.57142857142856,0.1693884986543805,0.09644525000465243,0.4009702564498472,82.38404611622593
1018,2022-11-04,97465910,1068411,49359.0,40953.57142857143,15.037494433599942,12.47673377485728,286675.0,489.0,352.7142857142857,0.14897657525538144,0.10745637286168178,0.7075843296821489,87.33713642400096
1019,2022-11-05,97469639,1068432,3729.0,40958.857142857145,1.136060632162203,12.47834409717234,286712.0,21.0,352.57142857142856,0.0063977670355071774,0.10741285063695045,0.0016103223150594204,87.34840868020638
1020,2022-11-06,97476278,1068437,6639.0,41381.71428571428,2.022608349939626,12.607169882377107,289672.0,5.0,353.0,0.001523277865596947,0.10754341731114447,0.12882578520476784,88.25018917663976
1021,2022-11-07,97515570,1068574,39292.0,40364.57142857143,11.970526779007049,12.29729164228996,282552.0,137.0,346.2857142857143,0.041737813517356344,0.10549787274877143,-0.3098782400871478,86.08104149602971
1022,2022-11-08,97536711,1068787,21141.0,39197.57142857143,6.440723471317012,11.941758588459633,274383.0,213.0,328.0,0.06489163707442994,0.09992702798315974,-0.3555330538303263,83.59231011921743
1023,2022-11-09,97630397,1069707,93686.0,41703.142857142855,28.541962023263117,12.705094888022627,291922.0,920.0,334.42857142857144,0.28028312726983823,0.1018855280960701,0.7633362995629938,88.93566421615839
1024,2022-11-10,97718317,1070288,87920.0,43109.42857142857,26.785317988656715,13.133527668277951,301766.0,581.0,338.0,0.17700488798236524,0.10297358371435364,0.4284327802553243,91.93469367794566
1025,2022-11-11,97729641,1083006,11324.0,37675.857142857145,3.4499197100039654,11.478159850621383,263731.0,12718.0,2085.0,3.874609578932395,0.635206869953927,-1.6553678176565683,80.34711895434968
1026,2022-11-12,97732216,1083008,2575.0,37511.0,0.7844881007824277,11.427935203281416,262577.0,2.0,2082.285714285714,0.0006093111462387788,0.6343799476840315,-0.050224647339966566,79.99554642296991
1027,2022-11-13,97734170,1083009,1954.0,36841.71428571428,0.5952969898752869,11.224033580415082,257892.0,1.0,2081.714285714286,0.0003046555731193894,0.6342058587851062,-0.20390162286633462,78.56823506290557
1028,2022-11-14,97785091,1083181,50921.0,38503.0,15.513366438812428,11.73015353181585,269521.0,172.0,2086.714285714286,0.052400758576534985,0.635729136650703,0.5061199514007679,82.11107472271095
1029,2022-11-15,97818155,1083484,33064.0,40206.28571428572,10.073131869619491,12.249069017287633,281444.0,303.0,2099.5714285714284,0.092310638655175,0.6396461368765237,0.5189154854717835,85.74348312101343
1030,2022-11-16,97896481,1083989,78326.0,38012.0,23.862452420149296,11.58056764541423,266084.0,505.0,2040.2857142857142,0.15385106442529164,0.6215844136130171,-0.6685013718734023,81.06397351789961
1031,2022-11-17,97979502,1084415,83021.0,37312.142857142855,25.292810335944825,11.367352266455388,261185.0,426.0,2018.142857142857,0.12978327414885987,0.6148384687796592,-0.2132153789588429,79.57146586518772
1032,2022-11-18,98030190,1084931,50688.0,42935.57142857143,15.44238169027561,13.080561120779908,300549.0,516.0,275.0,0.15720227572960493,0.08378028260783209,1.7132088543245203,91.56392784545938
1033,2022-11-19,98033687,1084942,3497.0,43067.28571428572,1.0653805391985047,13.120688611982207,301471.0,11.0,276.2857142857143,0.003351211304313283,0.08417198263041416,0.040127491202298415,91.84482028387545
1034,2022-11-20,98036926,1084942,3239.0,43250.857142857145,0.9867794013337022,13.17661467076198,302756.0,0.0,276.14285714285717,0.0,0.08412846040568281,0.05592605877977341,92.23630269533386
1035,2022-11-21,98080590,1085106,43664.0,42214.142857142855,13.30248094468502,12.860773885886633,295499.0,164.0,275.0,0.04996351399157986,0.08378028260783207,-0.3158407848753466,90.02541720120645
1036,2022-11-22,98117917,1085553,37327.0,42823.142857142855,11.371878577827447,13.046309129916343,299762.0,447.0,295.57142857142856,0.13618104118436705,0.09004748296914523,0.18553524402971,91.32416390941441
1037,2022-11-23,98228602,1086524,110685.0,47445.857142857145,33.72080211071962,14.45464479999782,332121.0,971.0,362.14285714285717,0.2958205614989271,0.11032883969395031,1.4083356700814758,101.18251359998473
1038,2022-11-24,98264632,1086674,36030.0,40732.857142857145,10.976740299491599,12.409491937647358,285130.0,150.0,322.7142857142857,0.04569833596790841,0.0983167056681001,-2.045152862350461,86.8664435635315
1039,2022-11-25,98290350,1086893,25718.0,37165.71428571428,7.835132029484457,11.322741986105765,260160.0,219.0,280.2857142857143,0.06671957051314628,0.08539060492289172,-1.0867499515415933,79.25919390274035
1040,2022-11-26,98291540,1086894,1190.0,36836.142857142855,0.36254013201207336,11.222336213650559,257853.0,1.0,278.85714285714283,0.0003046555731193894,0.08495538267557831,-0.10040577245520588,78.55635349555392
1041,2022-11-27,98298369,1086908,6829.0,37349.0,2.0804929088323103,11.378581000436075,261443.0,14.0,280.85714285714283,0.004265178023671452,0.08556469382181708,0.1562447867855159,79.65006700305253
1042,2022-11-28,98356317,1087098,57948.0,39389.57142857143,17.65418115112238,12.000252458498554,275727.0,190.0,284.57142857142856,0.057884558892683985,0.08669627166483196,0.6216714580624796,84.00176720948988
1043,2022-11-29,98404190,1087415,47873.0,40896.142857142855,14.584776251944529,12.45923784051528,286273.0,317.0,266.0,0.09657581667884645,0.08103838244975758,0.458985382016726,87.21466488360696
1044,2022-11-30,98516131,1087873,111941.0,41075.57142857143,34.10344951055757,12.513901754777846,287529.0,458.0,192.71428571428572,0.13953225248868034,0.05871148116257947,0.05466391426256578,87.59731228344492
1045,2022-12-01,98613271,1088564,97140.0,49805.57142857143,29.594242372817487,15.173544908110115,348639.0,691.0,270.0,0.21051700102549806,0.08225700474223514,2.6596431533322686,106.2148143567708
1046,2022-12-02,98686737,1088978,73466.0,56626.71428571428,22.38182633478906,17.2516440945822,396387.0,414.0,297.85714285714283,0.1261274072714272,0.0907438385648467,2.0780991864720857,120.76150866207541
1047,2022-12-03,98691598,1088997,4861.0,57151.142857142855,1.4809307409333519,17.411414181570954,400058.0,19.0,300.42857142857144,0.005788455889268399,0.09152723861001084,0.15977008698875395,121.87989927099669
1048,2022-12-04,98696204,1088997,4606.0,56833.57142857143,1.4032435697879075,17.314664275993184,397835.0,0.0,298.42857142857144,0.0,0.09091792746377206,-0.09674990557777008,121.20264993195228
1049,2022-12-05,98750243,1089181,54039.0,56275.142857142855,16.463282515798685,17.14453589951837,393926.0,184.0,297.57142857142856,0.056056625453967654,0.09065679411538403,-0.17012837647481405,120.01175129662859
1050,2022-12-06,98798681,1089662,48438.0,56355.857142857145,14.756906650756983,17.169125956491577,394491.0,481.0,321.0,0.1465393306704263,0.09779443897132399,0.024590056973206487,120.18388169544103
1051,2022-12-07,98949011,1090599,150330.0,61840.0,45.79887230703781,18.839900641703043,432880.0,937.0,389.42857142857144,0.2854622720128679,0.1186415846176365,1.670774685211466,131.8793044919213
1052,2022-12-08,99089404,1092099,140393.0,68019.0,42.77150987695043,20.722367428007747,476133.0,1500.0,505.0,0.4569833596790841,0.15385106442529167,1.882466786304704,145.05657199605423
1053,2022-12-09,99122963,1092393,33559.0,62318.0,10.223936378313589,18.985526005654112,436226.0,294.0,487.85714285714283,0.08956873849710048,0.14862839745753068,-1.7368414223536348,132.89868203957877
1054,2022-12-10,99128018,1092410,5055.0,62345.71428571428,1.5400339221185133,18.993969317251988,436420.0,17.0,487.57142857142856,0.00517914474302962,0.14854135300806798,0.008443311597876146,132.95778522076392
1055,2022-12-11,99133303,1092410,5285.0,62442.71428571428,1.610104703935973,19.023520907844574,437099.0,0.0,487.57142857142856,0.0,0.14854135300806798,0.029551590592586052,133.16464635491198
1056,2022-12-12,99187602,1092595,54299.0,62479.857142857145,16.542492964809725,19.03483668627472,437359.0,185.0,487.7142857142857,0.05636128102708704,0.14858487523279934,0.011315778430144974,133.24385680392302
1057,2022-12-13,99245874,1093064,58272.0,63884.71428571428,17.75288955681306,19.46283424428273,447193.0,469.0,486.0,0.14288346379299363,0.14806260853602327,0.4279975580080091,136.23983970997912
1058,2022-12-14,99400962,1093869,155088.0,64564.42857142857,47.24842352393986,19.66991298955445,451951.0,805.0,467.14285714285717,0.24524773636110847,0.1423176748714862,0.20707874527172265,137.68939092688117
1059,2022-12-15,99527716,1094509,126754.0,62616.0,38.61631251517509,19.076313366443685,438312.0,640.0,344.2857142857143,0.1949795667964092,0.10488856160253264,-0.5935996231107659,133.5341935651058
1060,2022-12-16,99601910,1095062,74194.0,68421.0,22.603615592019977,20.844838968401742,478947.0,553.0,381.2857142857143,0.16847453193502235,0.11616081780795005,1.768525601958057,145.9138727788122
1061,2022-12-17,99606838,1095074,4928.0,68402.85714285714,1.5013426643323509,20.839311645860864,478820.0,12.0,380.57142857142856,0.0036558668774326728,0.11594320668429335,-0.005527322540878288,145.87518152102604
1062,2022-12-18,99612758,1095074,5920.0,68493.57142857143,1.8035609928667853,20.866948258565262,479455.0,0.0,380.57142857142856,0.0,0.11594320668429335,0.027636612704398544,146.06863780995684
1063,2022-12-19,99669991,1095297,57233.0,68912.71428571429,17.436352416342014,20.99464246592702,482389.0,223.0,386.0,0.06793819280562383,0.1175970512240843,0.12769420736175618,146.96249726148912
1064,2022-12-20,99726822,1095749,56831.0,68706.85714285714,17.31388087594802,20.93192694008916,480948.0,452.0,383.57142857142856,0.137704319049964,0.11685717340365151,-0.06271552583785933,146.5234885806241
1065,2022-12-21,99907293,1096760,180471.0,72333.0,54.981495936429326,22.036651570444796,506331.0,1011.0,413.0,0.30800678442370266,0.12582275169830784,1.104724630355637,154.25656099311357
1066,2022-12-22,100055824,1097361,148531.0,75444.0,45.250796930996025,22.984435058419216,528108.0,601.0,407.42857142857144,0.18309799944475302,0.12412538493378551,0.9477834879744194,160.8910454089345
1067,2022-12-23,100087194,1097537,31370.0,69326.28571428571,9.557045328755246,21.120639306524254,485284.0,176.0,353.57142857142856,0.05361938086901253,0.10771750621006981,-1.863795751894962,147.84447514566978
1068,2022-12-24,100092117,1097539,4923.0,69325.57142857143,1.499819386466754,21.120421695400598,485279.0,2.0,352.14285714285717,0.0006093111462387788,0.1072822839627564,-0.00021761112365581425,147.84295186780417
1069,2022-12-25,100095566,1097539,3449.0,68972.57142857143,1.050757071688774,21.01287827808945,482808.0,0.0,352.14285714285717,0.0,0.1072822839627564,-0.10754341731114891,147.09014794662616
1070,2022-12-26,100104798,1097550,9232.0,62115.28571428572,2.812580251038203,18.923767968760334,434807.0,11.0,321.85714285714283,0.003351211304313283,0.09805557231971206,-2.089110309329115,132.46637578132234
1071,2022-12-27,100190406,1097812,85608.0,66226.28571428571,26.08095430360469,20.176207029854144,463584.0,262.0,294.7142857142857,0.07981976015728003,0.08978634962075718,1.2524390610938099,141.23344920897904
1072,2022-12-28,100313378,1098651,122972.0,58012.142857142855,37.46410513763755,17.67372263002675,406085.0,839.0,270.14285714285717,0.2556060258471677,0.08230052696696648,-2.502484399827395,123.71605841018724
1073,2022-12-29,100423471,1099302,110093.0,52521.0,33.540446011432934,16.00081535580345,367647.0,651.0,277.2857142857143,0.1983307781007225,0.08447663820353354,-1.6729072742232987,112.00570749062416
1074,2022-12-30,100456662,1099824,33191.0,52781.142857142855,10.111823127405653,16.080069327039222,369468.0,522.0,326.7142857142857,0.15903020916832125,0.09953532796057764,0.07925397123577227,112.56048528927457
1075,2022-12-31,100462184,1099837,5522.0,52866.71428571428,1.6823080747652683,16.106139139653298,370067.0,13.0,328.2857142857143,0.003960522450552062,0.1000140724326224,0.02606981261407526,112.74297397757309
1076,2023-01-01,100447989,1099837,-14195.0,50346.142857142855,-4.324585860429733,15.33823300649351,352423.0,0.0,328.2857142857143,0.0,0.1000140724326224,-0.7679061331597872,107.36763104545457
1077,2023-01-02,100458882,1099837,10893.0,50583.42857142857,3.318613157989509,15.410523421772268,354084.0,0.0,326.7142857142857,0.0,0.09953532796057764,0.07229041527875779,107.87366395240588
1078,2023-01-03,100535564,1100152,76682.0,49308.28571428572,23.36159865794102,15.022044043820314,345158.0,315.0,334.2857142857143,0.09596650553260766,0.10184200587133874,-0.3884793779519544,105.15430830674221
1079,2023-01-04,100743731,1102278,208167.0,61479.0,63.419236689543936,18.72991997980694,430353.0,2126.0,518.1428571428571,0.6476977484518219,0.15785510910057507,3.7078759359866265,131.10943985864859
1080,2023-01-05,100859561,1102956,115830.0,62298.57142857143,35.288255034418874,18.979606983090644,436090.0,678.0,522.0,0.206556478574946,0.15903020916832128,0.24968700328370375,132.85724888163455
1081,2023-01-06,100969155,1103517,109594.0,73213.28571428571,33.38842288044636,22.304835519239322,512493.0,561.0,527.5714285714286,0.17091177651997744,0.16072757593284356,3.3252285361486784,156.13384863467525
1082,2023-01-07,100972762,1103530,3607.0,72939.71428571429,1.0988926522416376,22.2214904588788,510578.0,13.0,527.5714285714286,0.003960522450552062,0.16072757593284356,-0.08334506036052147,155.5504332121516
1083,2023-01-08,100978862,1103533,6100.0,75839.0,1.8583989960282754,23.10477400980137,530873.0,3.0,528.0,0.0009139667193581682,0.1608581426070376,0.8832835509225703,161.7334180686096
1084,2023-01-09,101023334,1103732,44472.0,80636.0,13.548642647765485,24.566206794055084,564452.0,199.0,556.4285714285714,0.060626459050758495,0.16951906532857453,1.461432784253713,171.9634475583856
1085,2023-01-10,101067331,1104459,43997.0,75966.71428571429,13.403931250533777,23.143682878711193,531767.0,727.0,615.2857142857143,0.2214846016577961,0.18745022191788716,-1.4225239153438913,162.00578015097835
1086,2023-01-11,101225546,1105982,158215.0,68830.71428571429,48.2010815010842,20.96966070893123,481815.0,1523.0,529.1428571428571,0.46399043786083005,0.1612063204048883,-2.1740221697799633,146.7876249625186
1087,2023-01-12,101322776,1106738,97230.0,66173.57142857143,29.62166137439823,20.16014732892828,463215.0,756.0,540.2857142857143,0.23031961327825842,0.16460105393393293,-0.8095133800029508,141.12103130249795
1088,2023-01-13,101353503,1107013,30727.0,54906.857142857145,9.361151795239477,16.727680031041583,384348.0,275.0,499.42857142857144,0.08378028260783209,0.15215369766076933,-3.4324672978866957,117.09376021729109
1089,2023-01-14,101357407,1107039,3904.0,54949.28571428572,1.1893753574580963,16.74060613178679,384645.0,26.0,501.2857142857143,0.007921044901104124,0.15271948658227674,0.012926100745207947,117.18424292250754
1090,2023-01-15,101361142,1107040,3735.0,54611.42857142857,1.1378885656009194,16.637676070297168,382280.0,1.0,501.0,0.0003046555731193894,0.15263244213281407,-0.10293006148962291,116.4637324920802
1091,2023-01-16,101369550,1107051,8408.0,49459.42857142857,2.561544058787826,15.068090557586073,346216.0,11.0,474.14285714285717,0.003351211304313283,0.14445026388332188,-1.569585512711095,105.47663390310252
1092,2023-01-17,101428192,1107788,58642.0,51551.57142857143,17.865612118867233,15.705473538776568,360861.0,737.0,475.57142857142856,0.22453115738899,0.14488548613063532,0.6373829811904947,109.93831477143598
1093,2023-01-18,101573353,1109270,145161.0,49686.71428571428,44.22410764958369,15.137334417133639,347807.0,1482.0,469.7142857142857,0.4514995593629351,0.14310107491665033,-0.568139121642929,105.96134091993548
1094,2023-01-19,101641282,1110084,67929.0,45500.857142857145,20.694948426427,13.862089710280605,318506.0,814.0,478.0,0.24798963651918296,0.14562536395106812,-1.2752447068530337,97.03462797196424
1095,2023-01-20,101724115,1111004,82833.0,52944.57142857143,25.235535088198386,16.129858752131877,370612.0,920.0,570.1428571428571,0.28028312726983823,0.1736971989027833,2.267769041851272,112.90901126492314
1096,2023-01-21,101726588,1111011,2473.0,52740.142857142855,0.75341323232425,16.06757844854133,369181.0,7.0,567.4285714285714,0.002132589011835726,0.17287027663288781,-0.0622803035905477,112.47304913978931
1097,2023-01-22,101731541,1111020,4953.0,52914.142857142855,1.5089590536603357,16.120588518264103,370399.0,9.0,568.5714285714286,0.0027419001580745047,0.17321845443073852,0.05301006972277378,112.84411962784871
1098,2023-01-23,101763953,1111290,32412.0,56343.28571428572,9.87449643594565,17.16529600071522,394403.0,270.0,605.5714285714286,0.08225700474223514,0.18449071063615596,1.0447074824511162,120.15707200500654
1099,2023-01-24,101795726,1111991,31773.0,52504.857142857145,9.67982152472236,15.995897344408808,367534.0,701.0,600.4285714285714,0.21356355675669197,0.18292391054582763,-1.1693986563064112,111.97128141086166
1100,2023-01-25,101909009,1113234,113283.0,47950.857142857145,34.512297289683794,14.60849586442311,335656.0,1243.0,566.2857142857143,0.37868687738740103,0.17252209883503708,-1.387401479985698,102.25947105096176
1101,2023-01-26,101987861,1114038,78852.0,49511.28571428572,24.02270125161009,15.083889125163552,346579.0,804.0,564.8571428571429,0.2449430807879891,0.17208687658772368,0.4753932607404412,105.58722387614486
1102,2023-01-27,102002032,1114217,14171.0,39702.42857142857,4.317274126674867,12.095566130660192,277917.0,179.0,459.0,0.0545333475883707,0.13983690806179974,-2.98832299450336,84.66896291462135
1103,2023-01-28,102004232,1114224,2200.0,39663.42857142857,0.6702422608626567,12.083684563308536,277644.0,7.0,459.0,0.002132589011835726,0.13983690806179971,-0.01188156735165613,84.58579194315975
1104,2023-01-29,102008656,1114228,4424.0,39587.857142857145,1.3477962554801788,12.060661306425656,277115.0,4.0,458.2857142857143,0.0012186222924775575,0.13961929693814304,-0.02302325688287965,84.42462914497959
1105,2023-01-30,102039105,1114413,30449.0,39307.42857142857,9.276457545912288,11.975227179278034,275152.0,185.0,446.14285714285717,0.05636128102708704,0.13591990783597901,-0.08543412714762155,83.82659025494623
1106,2023-01-31,102070172,1115001,31067.0,39206.57142857143,9.46473469010007,11.944500488617708,274446.0,588.0,430.0,0.17913747699420096,0.13100189644133745,-0.03072669066032674,83.61150342032394
1107,2023-02-01,102179838,1115974,109666.0,38689.857142857145,33.41035808171095,11.787080601764444,270829.0,973.0,391.42857142857144,0.29642987264516585,0.11925089576387526,-0.1574198868532637,82.50956421235111
1108,2023-02-02,102247441,1116666,67603.0,37082.857142857145,20.595630709590083,11.297499095761586,259580.0,692.0,375.42857142857144,0.21082165659861749,0.11437640659396502,-0.48958150600285855,79.0824936703311
1109,2023-02-03,102311816,1117828,64375.0,44254.857142857145,19.612202519560693,13.482488866173847,309784.0,1162.0,515.8571428571429,0.3540097759647305,0.15715875350487357,2.184989770412262,94.37742206321693
1110,2023-02-04,102314712,1117837,2896.0,44354.28571428572,0.8822825397537517,13.51278033458686,310480.0,9.0,516.1428571428571,0.0027419001580745047,0.15724579795433624,0.030291468413013334,94.58946234210802
1111,2023-02-05,102317430,1117837,2718.0,44110.57142857143,0.8280538477385004,13.438531419195192,308774.0,0.0,515.5714285714286,0.0,0.15707170905541087,-0.074248915391669,94.06971993436635
1112,2023-02-06,102342210,1118038,24780.0,43300.71428571428,7.54936510189847,13.191803927193218,303105.0,201.0,517.8571428571429,0.061235770196997275,0.15776806465111234,-0.2467274920019733,92.34262749035253
1113,2023-02-07,102374102,1118715,31892.0,43418.57142857143,9.716075537923567,13.227709762596573,303930.0,677.0,530.5714285714286,0.20625182300182662,0.16164154265220174,0.03590583540335501,92.59396833817603
1114,2023-02-08,102486294,1119717,112192.0,43779.42857142857,34.17991805941054,13.337646902267945,306456.0,1002.0,534.7142857142857,0.30526488426562814,0.16290368716941064,0.10993713967137175,93.3635283158756
1115,2023-02-09,102555293,1120505,68999.0,43978.857142857145,21.02092988966475,13.398403927992897,307852.0,788.0,548.4285714285714,0.24006859161807884,0.16708182074361938,0.060757025724951674,93.78882749595026
1116,2023-02-10,102569435,1120667,14142.0,36802.71428571428,4.308439115054405,11.212152013063426,257619.0,162.0,405.57142857142856,0.04935420284534108,0.12355959601227805,-2.1862519149294712,78.48506409144399
1117,2023-02-11,102571337,1120678,1902.0,36660.71428571428,0.5794549000730786,11.168890921680473,256625.0,11.0,405.85714285714283,0.003351211304313283,0.12364664046174072,-0.04326109138295209,78.1822364517633
1118,2023-02-12,102574464,1120691,3127.0,36719.142857142855,0.9526579771443308,11.186691511595592,257034.0,13.0,407.7142857142857,0.003960522450552062,0.12421242938324817,0.017800589915118792,78.30684058116914
1119,2023-02-13,102598932,1120904,24468.0,36674.57142857143,7.454312563085221,11.173112577479413,256722.0,213.0,409.42857142857144,0.06489163707442994,0.12473469608002427,-0.013578934116178942,78.21178804235589
1120,2023-02-14,102626458,1121294,27526.0,36050.857142857145,8.385949305684314,10.983094544302377,252356.0,390.0,368.42857142857144,0.11881567351656186,0.1122438175821293,-0.19001803317703647,76.88166181011664
1121,2023-02-15,102729372,1122197,102914.0,34725.42857142857,31.35332365200884,10.579295343244992,243078.0,903.0,354.2857142857143,0.2751039825268086,0.1079351173337265,-0.4037992010573852,74.05506740271494
