DATE,OBJECTID,Count_,DailyDeathsReported,DailyDeaths7D,deathsbyDay,deathsbyDay7Day
2020-03-18 14:00:00+00:00,1,1,,,2,
2020-03-19 14:00:00+00:00,2,1,0.0,,0,
2020-03-20 14:00:00+00:00,3,2,1.0,,2,
2020-03-21 14:00:00+00:00,4,2,0.0,,0,
2020-03-22 14:00:00+00:00,5,3,1.0,,1,
2020-03-23 14:00:00+00:00,6,3,0.0,,0,
2020-03-24 14:00:00+00:00,7,3,0.0,,1,0.8571428571428571
2020-03-25 14:00:00+00:00,8,4,1.0,0.42857142857142855,0,0.5714285714285714
2020-03-26 14:00:00+00:00,9,4,0.0,0.42857142857142855,2,0.8571428571428571
2020-03-27 14:00:00+00:00,10,5,1.0,0.42857142857142855,3,1.0
2020-03-28 14:00:00+00:00,11,5,0.0,0.42857142857142855,7,2.0
2020-03-29 14:00:00+00:00,12,10,5.0,1.0,7,2.857142857142857
2020-03-30 14:00:00+00:00,13,15,5.0,1.7142857142857142,11,4.428571428571429
2020-03-31 14:00:00+00:00,14,18,3.0,2.142857142857143,8,5.428571428571429
2020-04-01 14:00:00+00:00,15,31,13.0,3.857142857142857,8,6.571428571428571
2020-04-02 14:00:00+00:00,16,36,5.0,4.571428571428571,11,7.857142857142857
2020-04-03 14:00:00+00:00,17,42,6.0,5.285714285714286,19,10.142857142857142
2020-04-04 14:00:00+00:00,18,53,11.0,6.857142857142857,16,11.428571428571429
2020-04-05 14:00:00+00:00,19,67,14.0,8.142857142857142,22,13.571428571428571
2020-04-06 14:00:00+00:00,20,91,24.0,10.857142857142858,16,14.285714285714286
2020-04-07 14:00:00+00:00,21,103,12.0,12.142857142857142,21,16.142857142857142
2020-04-08 14:00:00+00:00,22,124,21.0,13.285714285714286,29,19.142857142857142
2020-04-09 14:00:00+00:00,23,138,14.0,14.571428571428571,29,21.714285714285715
2020-04-10 14:00:00+00:00,24,171,33.0,18.428571428571427,34,23.857142857142858
2020-04-11 14:00:00+00:00,25,206,35.0,21.857142857142858,42,27.571428571428573
2020-04-12 14:00:00+00:00,26,235,29.0,24.0,31,28.857142857142858
2020-04-13 14:00:00+00:00,27,262,27.0,24.428571428571427,43,32.714285714285715
2020-04-14 14:00:00+00:00,28,302,40.0,28.428571428571427,36,34.857142857142854
2020-04-15 14:00:00+00:00,29,349,47.0,32.142857142857146,46,37.285714285714285
2020-04-16 14:00:00+00:00,30,392,43.0,36.285714285714285,31,37.57142857142857
2020-04-17 14:00:00+00:00,31,425,33.0,36.285714285714285,41,38.57142857142857
2020-04-18 14:00:00+00:00,32,463,38.0,36.714285714285715,39,38.142857142857146
2020-04-19 14:00:00+00:00,33,486,23.0,35.857142857142854,44,40.0
2020-04-20 14:00:00+00:00,34,516,30.0,36.285714285714285,51,41.142857142857146
2020-04-21 14:00:00+00:00,35,584,68.0,40.285714285714285,48,42.857142857142854
2020-04-22 14:00:00+00:00,36,631,47.0,40.285714285714285,47,43.0
2020-04-23 14:00:00+00:00,37,680,49.0,41.142857142857146,52,46.0
2020-04-24 14:00:00+00:00,38,723,43.0,42.57142857142857,64,49.285714285714285
2020-04-25 14:00:00+00:00,39,797,74.0,47.714285714285715,49,50.714285714285715
2020-04-26 14:00:00+00:00,40,827,30.0,48.714285714285715,51,51.714285714285715
2020-04-27 14:00:00+00:00,41,858,31.0,48.857142857142854,42,50.42857142857143
2020-04-28 14:00:00+00:00,42,929,71.0,49.285714285714285,53,51.142857142857146
2020-04-29 14:00:00+00:00,43,985,56.0,50.57142857142857,69,54.285714285714285
2020-04-30 14:00:00+00:00,44,1047,62.0,52.42857142857143,60,55.42857142857143
2020-05-01 14:00:00+00:00,45,1098,51.0,53.57142857142857,49,53.285714285714285
2020-05-02 14:00:00+00:00,46,1156,58.0,51.285714285714285,45,52.714285714285715
2020-05-03 14:00:00+00:00,47,1182,26.0,50.714285714285715,44,51.714285714285715
2020-05-04 14:00:00+00:00,48,1216,34.0,51.142857142857146,53,53.285714285714285
2020-05-05 14:00:00+00:00,49,1290,74.0,51.57142857142857,53,53.285714285714285
2020-05-06 14:00:00+00:00,50,1338,48.0,50.42857142857143,42,49.42857142857143
2020-05-07 14:00:00+00:00,51,1401,63.0,50.57142857142857,57,49.0
2020-05-08 14:00:00+00:00,52,1453,52.0,50.714285714285715,64,51.142857142857146
2020-05-09 14:00:00+00:00,53,1510,57.0,50.57142857142857,50,51.857142857142854
2020-05-10 14:00:00+00:00,54,1538,28.0,50.857142857142854,44,51.857142857142854
2020-05-11 14:00:00+00:00,55,1573,35.0,51.0,50,51.42857142857143
2020-05-12 14:00:00+00:00,56,1643,70.0,50.42857142857143,48,50.714285714285715
2020-05-13 14:00:00+00:00,57,1694,51.0,50.857142857142854,48,51.57142857142857
2020-05-14 14:00:00+00:00,58,1748,54.0,49.57142857142857,53,51.0
2020-05-15 14:00:00+00:00,59,1792,44.0,48.42857142857143,57,50.0
2020-05-16 14:00:00+00:00,60,1842,50.0,47.42857142857143,48,49.714285714285715
2020-05-17 14:00:00+00:00,61,1876,34.0,48.285714285714285,48,50.285714285714285
2020-05-18 14:00:00+00:00,62,1903,27.0,47.142857142857146,35,48.142857142857146
2020-05-19 14:00:00+00:00,63,1963,60.0,45.714285714285715,41,47.142857142857146
2020-05-20 14:00:00+00:00,64,2004,41.0,44.285714285714285,34,45.142857142857146
2020-05-21 14:00:00+00:00,65,2045,41.0,42.42857142857143,24,41.0
2020-05-22 14:00:00+00:00,66,2092,47.0,42.857142857142854,56,40.857142857142854
2020-05-23 14:00:00+00:00,67,2130,38.0,41.142857142857146,30,38.285714285714285
2020-05-24 14:00:00+00:00,68,2162,32.0,40.857142857142854,36,36.57142857142857
2020-05-25 14:00:00+00:00,69,2187,25.0,40.57142857142857,39,37.142857142857146
2020-05-26 14:00:00+00:00,70,2217,30.0,36.285714285714285,41,37.142857142857146
2020-05-27 14:00:00+00:00,71,2270,53.0,38.0,43,38.42857142857143
2020-05-28 14:00:00+00:00,72,2307,37.0,37.42857142857143,44,41.285714285714285
2020-05-29 14:00:00+00:00,73,2348,41.0,36.57142857142857,39,38.857142857142854
2020-05-30 14:00:00+00:00,74,2390,42.0,37.142857142857146,28,38.57142857142857
2020-05-31 14:00:00+00:00,75,2411,21.0,35.57142857142857,35,38.42857142857143
2020-06-01 14:00:00+00:00,76,2431,20.0,34.857142857142854,31,37.285714285714285
2020-06-02 14:00:00+00:00,77,2474,43.0,36.714285714285715,25,35.0
2020-06-03 14:00:00+00:00,78,2519,45.0,35.57142857142857,38,34.285714285714285
2020-06-04 14:00:00+00:00,79,2546,27.0,34.142857142857146,33,32.714285714285715
2020-06-05 14:00:00+00:00,80,2580,34.0,33.142857142857146,31,31.571428571428573
2020-06-06 14:00:00+00:00,81,2616,36.0,32.285714285714285,24,31.0
2020-06-07 14:00:00+00:00,82,2625,9.0,30.571428571428573,27,29.857142857142858
2020-06-08 14:00:00+00:00,83,2653,28.0,31.714285714285715,22,28.571428571428573
2020-06-09 14:00:00+00:00,84,2686,33.0,30.285714285714285,26,28.714285714285715
2020-06-10 14:00:00+00:00,85,2719,33.0,28.571428571428573,33,28.0
2020-06-11 14:00:00+00:00,86,2750,31.0,29.142857142857142,23,26.571428571428573
2020-06-12 14:00:00+00:00,87,2773,23.0,27.571428571428573,23,25.428571428571427
2020-06-13 14:00:00+00:00,88,2799,26.0,26.142857142857142,18,24.571428571428573
2020-06-14 14:00:00+00:00,89,2811,12.0,26.571428571428573,17,23.142857142857142
2020-06-15 14:00:00+00:00,90,2817,6.0,23.428571428571427,23,23.285714285714285
2020-06-16 14:00:00+00:00,91,2851,34.0,23.571428571428573,13,21.428571428571427
2020-06-17 14:00:00+00:00,92,2866,15.0,21.0,22,19.857142857142858
2020-06-18 14:00:00+00:00,93,2886,20.0,19.428571428571427,9,17.857142857142858
2020-06-19 14:00:00+00:00,94,2901,15.0,18.285714285714285,20,17.428571428571427
2020-06-20 14:00:00+00:00,95,2923,22.0,17.714285714285715,21,17.857142857142858
2020-06-21 14:00:00+00:00,96,2937,14.0,18.0,13,17.285714285714285
2020-06-22 14:00:00+00:00,97,2945,8.0,18.285714285714285,16,16.285714285714285
2020-06-23 14:00:00+00:00,98,2963,18.0,16.0,15,16.571428571428573
2020-06-24 14:00:00+00:00,99,2978,15.0,16.0,16,15.714285714285714
2020-06-25 14:00:00+00:00,100,3001,23.0,16.428571428571427,11,16.0
2020-06-26 14:00:00+00:00,101,3015,14.0,16.285714285714285,14,15.142857142857142
2020-06-27 14:00:00+00:00,102,3030,15.0,15.285714285714286,19,14.857142857142858
2020-06-28 14:00:00+00:00,103,3042,12.0,15.0,6,13.857142857142858
2020-06-29 14:00:00+00:00,104,3048,6.0,14.714285714285714,15,13.714285714285714
2020-06-30 14:00:00+00:00,105,3062,14.0,14.142857142857142,13,13.428571428571429
2020-07-01 14:00:00+00:00,106,3077,15.0,14.142857142857142,14,13.142857142857142
2020-07-02 14:00:00+00:00,107,3086,9.0,12.142857142857142,7,12.571428571428571
2020-07-03 14:00:00+00:00,108,3099,13.0,12.0,17,13.0
2020-07-04 14:00:00+00:00,109,3111,12.0,11.571428571428571,8,11.428571428571429
2020-07-05 14:00:00+00:00,110,3118,7.0,10.857142857142858,7,11.571428571428571
2020-07-06 14:00:00+00:00,111,3121,3.0,10.428571428571429,15,11.571428571428571
2020-07-07 14:00:00+00:00,112,3140,19.0,11.142857142857142,11,11.285714285714286
2020-07-08 14:00:00+00:00,113,3149,9.0,10.285714285714286,6,10.142857142857142
2020-07-09 14:00:00+00:00,114,3160,11.0,10.571428571428571,11,10.714285714285714
2020-07-10 14:00:00+00:00,115,3172,12.0,10.428571428571429,7,9.285714285714286
2020-07-11 14:00:00+00:00,116,3179,7.0,9.714285714285714,13,10.0
2020-07-12 14:00:00+00:00,117,3188,9.0,10.0,7,10.0
2020-07-13 14:00:00+00:00,118,3194,6.0,10.428571428571429,6,8.714285714285714
2020-07-14 14:00:00+00:00,119,3202,8.0,8.857142857142858,2,7.428571428571429
2020-07-15 14:00:00+00:00,120,3209,7.0,8.571428571428571,11,8.142857142857142
2020-07-16 14:00:00+00:00,121,3215,6.0,7.857142857142857,13,8.428571428571429
2020-07-17 14:00:00+00:00,122,3227,12.0,7.857142857142857,8,8.571428571428571
2020-07-18 14:00:00+00:00,123,3238,11.0,8.428571428571429,10,8.142857142857142
2020-07-19 14:00:00+00:00,124,3247,9.0,8.428571428571429,11,8.714285714285714
2020-07-20 14:00:00+00:00,125,3252,5.0,8.285714285714286,7,8.857142857142858
2020-07-21 14:00:00+00:00,126,3272,20.0,10.0,10,10.0
2020-07-22 14:00:00+00:00,127,3276,4.0,9.571428571428571,5,9.142857142857142
2020-07-23 14:00:00+00:00,128,3281,5.0,9.428571428571429,9,8.571428571428571
2020-07-24 14:00:00+00:00,129,3293,12.0,9.428571428571429,11,9.0
2020-07-25 14:00:00+00:00,130,3304,11.0,9.428571428571429,9,8.857142857142858
2020-07-26 14:00:00+00:00,131,3309,5.0,8.857142857142858,7,8.285714285714286
2020-07-27 14:00:00+00:00,132,3315,6.0,9.0,10,8.714285714285714
2020-07-28 14:00:00+00:00,133,3327,12.0,7.857142857142857,12,9.0
2020-07-29 14:00:00+00:00,134,3347,20.0,10.142857142857142,11,9.857142857142858
2020-07-30 14:00:00+00:00,135,3357,10.0,10.857142857142858,10,10.0
2020-07-31 14:00:00+00:00,136,3362,5.0,9.857142857142858,7,9.428571428571429
2020-08-01 14:00:00+00:00,137,3374,12.0,10.0,12,9.857142857142858
2020-08-02 14:00:00+00:00,138,3381,7.0,10.285714285714286,8,10.0
2020-08-03 14:00:00+00:00,139,3389,8.0,10.571428571428571,10,10.0
2020-08-04 14:00:00+00:00,140,3396,7.0,9.857142857142858,9,9.571428571428571
2020-08-05 14:00:00+00:00,141,3402,6.0,7.857142857142857,9,9.285714285714286
2020-08-06 14:00:00+00:00,142,3415,13.0,8.285714285714286,10,9.285714285714286
2020-08-07 14:00:00+00:00,143,3429,14.0,9.571428571428571,12,10.0
2020-08-08 14:00:00+00:00,144,3440,11.0,9.428571428571429,8,9.428571428571429
2020-08-09 14:00:00+00:00,145,3448,8.0,9.571428571428571,5,9.0
2020-08-10 14:00:00+00:00,146,3454,6.0,9.285714285714286,12,9.285714285714286
2020-08-11 14:00:00+00:00,147,3467,13.0,10.142857142857142,6,8.857142857142858
2020-08-12 14:00:00+00:00,148,3474,7.0,10.285714285714286,12,9.285714285714286
2020-08-13 14:00:00+00:00,149,3483,9.0,9.714285714285714,9,9.142857142857142
2020-08-14 14:00:00+00:00,150,3495,12.0,9.428571428571429,6,8.285714285714286
2020-08-15 14:00:00+00:00,151,3499,4.0,8.428571428571429,8,8.285714285714286
2020-08-16 14:00:00+00:00,152,3502,3.0,7.714285714285714,3,8.0
2020-08-17 14:00:00+00:00,153,3504,2.0,7.142857142857143,8,7.428571428571429
2020-08-18 14:00:00+00:00,154,3511,7.0,6.285714285714286,8,7.714285714285714
2020-08-19 14:00:00+00:00,155,3522,11.0,6.857142857142857,5,6.714285714285714
2020-08-20 14:00:00+00:00,156,3531,9.0,6.857142857142857,6,6.285714285714286
2020-08-21 14:00:00+00:00,157,3536,5.0,5.857142857142857,13,7.285714285714286
2020-08-22 14:00:00+00:00,158,3546,10.0,6.714285714285714,11,7.714285714285714
2020-08-23 14:00:00+00:00,159,3552,6.0,7.142857142857143,7,8.285714285714286
2020-08-24 14:00:00+00:00,160,3554,2.0,7.142857142857143,0,7.142857142857143
2020-08-25 14:00:00+00:00,161,3564,10.0,7.571428571428571,10,7.428571428571429
2020-08-26 14:00:00+00:00,162,3574,10.0,7.428571428571429,9,8.0
2020-08-27 14:00:00+00:00,163,3580,6.0,7.0,11,8.714285714285714
2020-08-28 14:00:00+00:00,164,3593,13.0,8.142857142857142,11,8.428571428571429
2020-08-29 14:00:00+00:00,165,3603,10.0,8.142857142857142,6,7.714285714285714
2020-08-30 14:00:00+00:00,166,3609,6.0,8.142857142857142,8,7.857142857142857
2020-08-31 14:00:00+00:00,167,3612,3.0,8.285714285714286,3,8.285714285714286
2020-09-01 14:00:00+00:00,168,3617,5.0,7.571428571428571,6,7.714285714285714
2020-09-02 14:00:00+00:00,169,3623,6.0,7.0,8,7.571428571428571
2020-09-03 14:00:00+00:00,170,3634,11.0,7.714285714285714,14,8.0
2020-09-04 14:00:00+00:00,171,3645,11.0,7.428571428571429,5,7.142857142857143
2020-09-05 14:00:00+00:00,172,3652,7.0,7.0,7,7.285714285714286
2020-09-06 14:00:00+00:00,173,3655,3.0,6.571428571428571,2,6.428571428571429
2020-09-07 14:00:00+00:00,174,3660,5.0,6.857142857142857,4,6.571428571428571
2020-09-08 14:00:00+00:00,175,3663,3.0,6.571428571428571,2,6.0
2020-09-09 14:00:00+00:00,176,3672,9.0,7.0,8,6.0
2020-09-10 14:00:00+00:00,177,3679,7.0,6.428571428571429,10,5.428571428571429
2020-09-11 14:00:00+00:00,178,3685,6.0,5.714285714285714,4,5.285714285714286
2020-09-12 14:00:00+00:00,179,3693,8.0,5.857142857142857,4,4.857142857142857
2020-09-13 14:00:00+00:00,180,3695,2.0,5.714285714285714,3,5.0
2020-09-14 14:00:00+00:00,181,3696,1.0,5.142857142857143,9,5.714285714285714
2020-09-15 14:00:00+00:00,182,3706,10.0,6.142857142857143,9,6.714285714285714
2020-09-16 14:00:00+00:00,183,3712,6.0,5.714285714285714,6,6.428571428571429
2020-09-17 14:00:00+00:00,184,3717,5.0,5.428571428571429,5,5.714285714285714
2020-09-18 14:00:00+00:00,185,3724,7.0,5.571428571428571,7,6.142857142857143
2020-09-19 14:00:00+00:00,186,3732,8.0,5.571428571428571,6,6.428571428571429
2020-09-20 14:00:00+00:00,187,3735,3.0,5.714285714285714,7,7.0
2020-09-21 14:00:00+00:00,188,3739,4.0,6.142857142857143,5,6.428571428571429
2020-09-22 14:00:00+00:00,189,3748,9.0,6.0,4,5.714285714285714
2020-09-23 14:00:00+00:00,190,3756,8.0,6.285714285714286,12,6.571428571428571
2020-09-24 14:00:00+00:00,191,3765,9.0,6.857142857142857,3,6.285714285714286
2020-09-25 14:00:00+00:00,192,3772,7.0,6.857142857142857,8,6.428571428571429
2020-09-26 14:00:00+00:00,193,3780,8.0,6.857142857142857,7,6.571428571428571
2020-09-27 14:00:00+00:00,194,3790,10.0,7.857142857142857,5,6.285714285714286
2020-09-28 14:00:00+00:00,195,3793,3.0,7.714285714285714,7,6.571428571428571
2020-09-29 14:00:00+00:00,196,3802,9.0,7.714285714285714,3,6.428571428571429
2020-09-30 14:00:00+00:00,197,3805,3.0,7.0,2,5.0
2020-10-01 14:00:00+00:00,198,3805,0.0,5.714285714285714,8,5.714285714285714
2020-10-02 14:00:00+00:00,199,3806,1.0,4.857142857142857,8,5.714285714285714
2020-10-03 14:00:00+00:00,200,3813,7.0,4.714285714285714,3,5.142857142857143
2020-10-04 14:00:00+00:00,201,3814,1.0,3.4285714285714284,6,5.285714285714286
2020-10-05 14:00:00+00:00,202,3817,3.0,3.4285714285714284,7,5.285714285714286
2020-10-06 14:00:00+00:00,203,3823,6.0,3.0,7,5.857142857142857
2020-10-07 14:00:00+00:00,204,3829,6.0,3.4285714285714284,10,7.0
2020-10-08 14:00:00+00:00,205,3835,6.0,4.285714285714286,6,6.714285714285714
2020-10-09 14:00:00+00:00,206,3845,10.0,5.571428571428571,8,6.714285714285714
2020-10-10 14:00:00+00:00,207,3850,5.0,5.285714285714286,5,7.0
2020-10-11 14:00:00+00:00,208,3854,4.0,5.714285714285714,6,7.0
2020-10-12 14:00:00+00:00,209,3859,5.0,6.0,3,6.428571428571429
2020-10-13 14:00:00+00:00,210,3868,9.0,6.428571428571429,10,6.857142857142857
2020-10-14 14:00:00+00:00,211,3877,9.0,6.857142857142857,5,6.142857142857143
2020-10-15 14:00:00+00:00,212,3883,6.0,6.857142857142857,5,6.0
2020-10-16 14:00:00+00:00,213,3887,4.0,6.0,7,5.857142857142857
2020-10-17 14:00:00+00:00,214,3891,4.0,5.857142857142857,3,5.571428571428571
2020-10-18 14:00:00+00:00,215,3891,0.0,5.285714285714286,8,5.857142857142857
2020-10-19 14:00:00+00:00,216,3895,4.0,5.142857142857143,6,6.285714285714286
2020-10-20 14:00:00+00:00,217,3904,9.0,5.142857142857143,12,6.571428571428571
2020-10-21 14:00:00+00:00,218,3912,8.0,5.0,8,7.0
2020-10-22 14:00:00+00:00,219,3924,12.0,5.857142857142857,10,7.714285714285714
2020-10-23 14:00:00+00:00,220,3932,8.0,6.428571428571429,7,7.714285714285714
2020-10-24 14:00:00+00:00,221,3945,13.0,7.714285714285714,6,8.142857142857142
2020-10-25 14:00:00+00:00,222,3950,5.0,8.428571428571429,6,7.857142857142857
2020-10-26 14:00:00+00:00,223,3953,3.0,8.285714285714286,4,7.571428571428571
2020-10-27 14:00:00+00:00,224,3962,9.0,8.285714285714286,6,6.714285714285714
2020-10-28 14:00:00+00:00,225,3969,7.0,8.142857142857142,12,7.285714285714286
2020-10-29 14:00:00+00:00,226,3980,11.0,8.0,13,7.714285714285714
2020-10-30 14:00:00+00:00,227,3990,10.0,8.285714285714286,10,8.142857142857142
2020-10-31 14:00:00+00:00,228,4000,10.0,7.857142857142857,8,8.428571428571429
2020-11-01 15:00:00+00:00,229,4004,4.0,7.714285714285714,5,8.285714285714286
2020-11-02 15:00:00+00:00,230,4007,3.0,7.714285714285714,6,8.571428571428571
2020-11-03 15:00:00+00:00,231,4015,8.0,7.571428571428571,13,9.571428571428571
2020-11-04 15:00:00+00:00,232,4025,10.0,8.0,11,9.428571428571429
2020-11-05 15:00:00+00:00,233,4035,10.0,7.857142857142857,14,9.571428571428571
2020-11-06 15:00:00+00:00,234,4046,11.0,8.0,11,9.714285714285714
2020-11-07 15:00:00+00:00,235,4052,6.0,7.428571428571429,13,10.428571428571429
2020-11-08 15:00:00+00:00,236,4063,11.0,8.428571428571429,8,10.857142857142858
2020-11-09 15:00:00+00:00,237,4072,9.0,9.285714285714286,12,11.714285714285714
2020-11-10 15:00:00+00:00,238,4084,12.0,9.857142857142858,15,12.0
2020-11-11 15:00:00+00:00,239,4100,16.0,10.714285714285714,11,12.0
2020-11-12 15:00:00+00:00,240,4112,12.0,11.0,18,12.571428571428571
2020-11-13 15:00:00+00:00,241,4124,12.0,11.142857142857142,20,13.857142857142858
2020-11-14 15:00:00+00:00,242,4144,20.0,13.142857142857142,12,13.714285714285714
2020-11-15 15:00:00+00:00,243,4153,9.0,12.857142857142858,16,14.857142857142858
2020-11-16 15:00:00+00:00,244,4160,7.0,12.571428571428571,16,15.428571428571429
2020-11-17 15:00:00+00:00,245,4186,26.0,14.571428571428571,19,16.0
2020-11-18 15:00:00+00:00,246,4201,15.0,14.428571428571429,22,17.571428571428573
2020-11-19 15:00:00+00:00,247,4220,19.0,15.428571428571429,16,17.285714285714285
2020-11-20 15:00:00+00:00,248,4245,25.0,17.285714285714285,18,17.0
2020-11-21 15:00:00+00:00,249,4261,16.0,16.714285714285715,36,20.428571428571427
2020-11-22 15:00:00+00:00,250,4279,18.0,18.0,19,20.857142857142858
2020-11-23 15:00:00+00:00,251,4293,14.0,19.0,32,23.142857142857142
2020-11-24 15:00:00+00:00,252,4325,32.0,19.857142857142858,29,24.571428571428573
2020-11-25 15:00:00+00:00,253,4363,38.0,23.142857142857142,34,26.285714285714285
2020-11-26 15:00:00+00:00,254,4392,29.0,24.571428571428573,31,28.428571428571427
2020-11-27 15:00:00+00:00,255,4414,22.0,24.142857142857142,35,30.857142857142858
2020-11-28 15:00:00+00:00,256,4447,33.0,26.571428571428573,32,30.285714285714285
2020-11-29 15:00:00+00:00,257,4470,23.0,27.285714285714285,23,30.857142857142858
2020-11-30 15:00:00+00:00,258,4486,16.0,27.571428571428573,33,31.0
2020-12-01 15:00:00+00:00,259,4516,30.0,27.285714285714285,42,32.857142857142854
2020-12-02 15:00:00+00:00,260,4558,42.0,27.857142857142858,42,34.0
2020-12-03 15:00:00+00:00,261,4606,48.0,30.571428571428573,29,33.714285714285715
2020-12-04 15:00:00+00:00,262,4630,24.0,30.857142857142858,35,33.714285714285715
2020-12-05 15:00:00+00:00,263,4659,29.0,30.285714285714285,35,34.142857142857146
2020-12-06 15:00:00+00:00,264,4685,26.0,30.714285714285715,40,36.57142857142857
2020-12-07 15:00:00+00:00,265,4705,20.0,31.285714285714285,44,38.142857142857146
2020-12-08 15:00:00+00:00,266,4755,50.0,34.142857142857146,47,38.857142857142854
2020-12-09 15:00:00+00:00,267,4801,46.0,34.714285714285715,43,39.0
2020-12-10 15:00:00+00:00,268,4850,49.0,34.857142857142854,53,42.42857142857143
2020-12-11 15:00:00+00:00,269,4901,51.0,38.714285714285715,50,44.57142857142857
2020-12-12 15:00:00+00:00,270,4937,36.0,39.714285714285715,50,46.714285714285715
2020-12-13 15:00:00+00:00,271,4954,17.0,38.42857142857143,40,46.714285714285715
2020-12-14 15:00:00+00:00,272,4978,24.0,39.0,50,47.57142857142857
2020-12-15 15:00:00+00:00,273,5039,61.0,40.57142857142857,48,47.714285714285715
2020-12-16 15:00:00+00:00,274,5103,64.0,43.142857142857146,54,49.285714285714285
2020-12-17 15:00:00+00:00,275,5152,49.0,43.142857142857146,45,48.142857142857146
2020-12-18 15:00:00+00:00,276,5188,36.0,41.0,58,49.285714285714285
2020-12-19 15:00:00+00:00,277,5242,54.0,43.57142857142857,51,49.42857142857143
2020-12-20 15:00:00+00:00,278,5279,37.0,46.42857142857143,30,48.0
2020-12-21 15:00:00+00:00,279,5302,23.0,46.285714285714285,50,48.0
2020-12-22 15:00:00+00:00,280,5353,51.0,44.857142857142854,48,48.0
2020-12-23 15:00:00+00:00,281,5402,49.0,42.714285714285715,42,46.285714285714285
2020-12-24 15:00:00+00:00,282,5462,60.0,44.285714285714285,42,45.857142857142854
2020-12-25 15:00:00+00:00,283,5493,31.0,43.57142857142857,34,42.42857142857143
2020-12-26 15:00:00+00:00,284,5514,21.0,38.857142857142854,52,42.57142857142857
2020-12-27 15:00:00+00:00,285,5545,31.0,38.0,42,44.285714285714285
2020-12-28 15:00:00+00:00,286,5573,28.0,38.714285714285715,53,44.714285714285715
2020-12-29 15:00:00+00:00,287,5636,63.0,40.42857142857143,51,45.142857142857146
2020-12-30 15:00:00+00:00,288,5681,45.0,39.857142857142854,49,46.142857142857146
2020-12-31 15:00:00+00:00,289,5727,46.0,37.857142857142854,43,46.285714285714285
2021-01-01 15:00:00+00:00,290,5774,47.0,40.142857142857146,42,47.42857142857143
2021-01-02 15:00:00+00:00,291,5799,25.0,40.714285714285715,44,46.285714285714285
2021-01-03 15:00:00+00:00,292,5826,27.0,40.142857142857146,44,46.57142857142857
2021-01-04 15:00:00+00:00,293,5859,33.0,40.857142857142854,37,44.285714285714285
2021-01-05 15:00:00+00:00,294,5913,54.0,39.57142857142857,44,43.285714285714285
2021-01-06 15:00:00+00:00,295,5960,47.0,39.857142857142854,37,41.57142857142857
2021-01-07 15:00:00+00:00,296,6004,44.0,39.57142857142857,28,39.42857142857143
2021-01-08 15:00:00+00:00,297,6047,43.0,39.0,48,40.285714285714285
2021-01-09 15:00:00+00:00,298,6075,28.0,39.42857142857143,44,40.285714285714285
2021-01-10 15:00:00+00:00,299,6100,25.0,39.142857142857146,36,39.142857142857146
2021-01-11 15:00:00+00:00,300,6129,29.0,38.57142857142857,47,40.57142857142857
2021-01-12 15:00:00+00:00,301,6196,67.0,40.42857142857143,56,42.285714285714285
2021-01-13 15:00:00+00:00,302,6233,37.0,39.0,35,42.0
2021-01-14 15:00:00+00:00,303,6277,44.0,39.0,51,45.285714285714285
2021-01-15 15:00:00+00:00,304,6322,45.0,39.285714285714285,42,44.42857142857143
2021-01-16 15:00:00+00:00,305,6369,47.0,42.0,40,43.857142857142854
2021-01-17 15:00:00+00:00,306,6394,25.0,42.0,49,45.714285714285715
2021-01-18 15:00:00+00:00,307,6423,29.0,42.0,53,46.57142857142857
2021-01-19 15:00:00+00:00,308,6476,53.0,40.0,49,45.57142857142857
2021-01-20 15:00:00+00:00,309,6514,38.0,40.142857142857146,46,47.142857142857146
2021-01-21 15:00:00+00:00,310,6560,46.0,40.42857142857143,44,46.142857142857146
2021-01-22 15:00:00+00:00,311,6617,57.0,42.142857142857146,40,45.857142857142854
2021-01-23 15:00:00+00:00,312,6662,45.0,41.857142857142854,43,46.285714285714285
2021-01-24 15:00:00+00:00,313,6690,28.0,42.285714285714285,53,46.857142857142854
2021-01-25 15:00:00+00:00,314,6726,36.0,43.285714285714285,47,46.0
2021-01-26 15:00:00+00:00,315,6788,62.0,44.57142857142857,36,44.142857142857146
2021-01-27 15:00:00+00:00,316,6821,33.0,43.857142857142854,43,43.714285714285715
2021-01-28 15:00:00+00:00,317,6861,40.0,43.0,34,42.285714285714285
2021-01-29 15:00:00+00:00,318,6900,39.0,40.42857142857143,31,41.0
2021-01-30 15:00:00+00:00,319,6931,31.0,38.42857142857143,36,40.0
2021-01-31 15:00:00+00:00,320,6951,20.0,37.285714285714285,30,36.714285714285715
2021-02-01 15:00:00+00:00,321,6978,27.0,36.0,31,34.42857142857143
2021-02-02 15:00:00+00:00,322,7012,34.0,32.0,18,31.857142857142858
2021-02-03 15:00:00+00:00,323,7043,31.0,31.714285714285715,53,33.285714285714285
2021-02-04 15:00:00+00:00,324,7074,31.0,30.428571428571427,31,32.857142857142854
2021-02-05 15:00:00+00:00,325,7109,35.0,29.857142857142858,35,33.42857142857143
2021-02-06 15:00:00+00:00,326,7150,41.0,31.285714285714285,23,31.571428571428573
2021-02-07 15:00:00+00:00,327,7170,20.0,31.285714285714285,37,32.57142857142857
2021-02-08 15:00:00+00:00,328,7193,23.0,30.714285714285715,45,34.57142857142857
2021-02-09 15:00:00+00:00,329,7234,41.0,31.714285714285715,35,37.0
2021-02-10 15:00:00+00:00,330,7267,33.0,32.0,33,34.142857142857146
2021-02-11 15:00:00+00:00,331,7288,21.0,30.571428571428573,27,33.57142857142857
2021-02-12 15:00:00+00:00,332,7324,36.0,30.714285714285715,29,32.714285714285715
2021-02-13 15:00:00+00:00,333,7356,32.0,29.428571428571427,26,33.142857142857146
2021-02-14 15:00:00+00:00,334,7374,18.0,29.142857142857142,33,32.57142857142857
2021-02-15 15:00:00+00:00,335,7400,26.0,29.571428571428573,22,29.285714285714285
2021-02-16 15:00:00+00:00,336,7430,30.0,28.0,27,28.142857142857142
2021-02-17 15:00:00+00:00,337,7449,19.0,26.0,27,27.285714285714285
2021-02-18 15:00:00+00:00,338,7479,30.0,27.285714285714285,23,26.714285714285715
2021-02-19 15:00:00+00:00,339,7495,16.0,24.428571428571427,28,26.571428571428573
2021-02-20 15:00:00+00:00,340,7515,20.0,22.714285714285715,26,26.571428571428573
2021-02-21 15:00:00+00:00,341,7533,18.0,22.714285714285715,28,25.857142857142858
2021-02-22 15:00:00+00:00,342,7550,17.0,21.428571428571427,27,26.571428571428573
2021-02-23 15:00:00+00:00,343,7580,30.0,21.428571428571427,13,24.571428571428573
2021-02-24 15:00:00+00:00,344,7607,27.0,22.571428571428573,22,23.857142857142858
2021-02-25 15:00:00+00:00,345,7623,16.0,20.571428571428573,30,24.857142857142858
2021-02-26 15:00:00+00:00,346,7656,33.0,23.0,15,23.0
2021-02-27 15:00:00+00:00,347,7674,18.0,22.714285714285715,14,21.285714285714285
2021-02-28 15:00:00+00:00,348,7687,13.0,22.0,15,19.428571428571427
2021-03-01 15:00:00+00:00,349,7697,10.0,21.0,11,17.142857142857142
2021-03-02 15:00:00+00:00,350,7723,26.0,20.428571428571427,11,16.857142857142858
2021-03-03 15:00:00+00:00,351,7737,14.0,18.571428571428573,12,15.428571428571429
2021-03-04 15:00:00+00:00,352,7740,3.0,16.714285714285715,10,12.571428571428571
2021-03-05 15:00:00+00:00,353,7748,8.0,13.142857142857142,17,12.857142857142858
2021-03-06 15:00:00+00:00,354,7759,11.0,12.142857142857142,17,13.285714285714286
2021-03-07 15:00:00+00:00,355,7773,14.0,12.285714285714286,16,13.428571428571429
2021-03-08 15:00:00+00:00,356,7781,8.0,12.0,24,15.285714285714286
2021-03-09 15:00:00+00:00,357,7806,25.0,11.857142857142858,15,15.857142857142858
2021-03-10 15:00:00+00:00,358,7820,14.0,11.857142857142858,19,16.857142857142858
2021-03-11 15:00:00+00:00,359,7832,12.0,13.142857142857142,12,17.142857142857142
2021-03-12 15:00:00+00:00,360,7848,16.0,14.285714285714286,9,16.0
2021-03-13 15:00:00+00:00,361,7856,8.0,13.857142857142858,16,15.857142857142858
2021-03-14 14:00:00+00:00,362,7866,10.0,13.285714285714286,12,15.285714285714286
2021-03-15 14:00:00+00:00,363,7873,7.0,13.142857142857142,17,14.285714285714286
2021-03-16 14:00:00+00:00,364,7896,23.0,12.857142857142858,22,15.285714285714286
2021-03-17 14:00:00+00:00,365,7915,19.0,13.571428571428571,15,14.714285714285714
2021-03-18 14:00:00+00:00,366,7929,14.0,13.857142857142858,12,14.714285714285714
2021-03-19 14:00:00+00:00,367,7947,18.0,14.142857142857142,19,16.142857142857142
2021-03-20 14:00:00+00:00,368,7973,26.0,16.714285714285715,18,16.428571428571427
2021-03-21 14:00:00+00:00,369,7985,12.0,17.0,16,17.0
2021-03-22 14:00:00+00:00,370,7999,14.0,18.0,15,16.714285714285715
2021-03-23 14:00:00+00:00,371,8010,11.0,16.285714285714285,15,15.714285714285714
2021-03-24 14:00:00+00:00,372,8029,19.0,16.285714285714285,12,15.285714285714286
2021-03-25 14:00:00+00:00,373,8032,3.0,14.714285714285714,8,14.714285714285714
2021-03-26 14:00:00+00:00,374,8047,15.0,14.285714285714286,16,14.285714285714286
2021-03-27 14:00:00+00:00,375,8061,14.0,12.571428571428571,10,13.142857142857142
2021-03-28 14:00:00+00:00,376,8066,5.0,11.571428571428571,15,13.0
2021-03-29 14:00:00+00:00,377,8075,9.0,10.857142857142858,9,12.142857142857142
2021-03-30 14:00:00+00:00,378,8088,13.0,11.142857142857142,17,12.428571428571429
2021-03-31 14:00:00+00:00,379,8101,13.0,10.285714285714286,20,13.571428571428571
2021-04-01 14:00:00+00:00,380,8118,17.0,12.285714285714286,18,15.0
2021-04-02 14:00:00+00:00,381,8134,16.0,12.428571428571429,16,15.0
2021-04-03 14:00:00+00:00,382,8157,23.0,13.714285714285714,15,15.714285714285714
2021-04-04 14:00:00+00:00,383,8165,8.0,14.142857142857142,15,15.714285714285714
2021-04-05 14:00:00+00:00,384,8177,12.0,14.571428571428571,15,16.571428571428573
2021-04-06 14:00:00+00:00,385,8192,15.0,14.857142857142858,16,16.428571428571427
2021-04-07 14:00:00+00:00,386,8203,11.0,14.571428571428571,17,16.0
2021-04-08 14:00:00+00:00,387,8224,21.0,15.142857142857142,19,16.142857142857142
2021-04-09 14:00:00+00:00,388,8238,14.0,14.857142857142858,18,16.428571428571427
2021-04-10 14:00:00+00:00,389,8258,20.0,14.428571428571429,21,17.285714285714285
2021-04-11 14:00:00+00:00,390,8269,11.0,14.857142857142858,23,18.428571428571427
2021-04-12 14:00:00+00:00,391,8284,15.0,15.285714285714286,11,17.857142857142858
2021-04-13 14:00:00+00:00,392,8298,14.0,15.142857142857142,15,17.714285714285715
2021-04-14 14:00:00+00:00,393,8307,9.0,14.857142857142858,20,18.142857142857142
2021-04-15 14:00:00+00:00,394,8326,19.0,14.571428571428571,11,17.0
2021-04-16 14:00:00+00:00,395,8342,16.0,14.857142857142858,10,15.857142857142858
2021-04-17 14:00:00+00:00,396,8359,17.0,14.428571428571429,16,15.142857142857142
2021-04-18 14:00:00+00:00,397,8376,17.0,15.285714285714286,17,14.285714285714286
2021-04-19 14:00:00+00:00,398,8387,11.0,14.714285714285714,20,15.571428571428571
2021-04-20 14:00:00+00:00,399,8406,19.0,15.428571428571429,21,16.428571428571427
2021-04-21 14:00:00+00:00,400,8419,13.0,16.0,20,16.428571428571427
2021-04-22 14:00:00+00:00,401,8439,20.0,16.142857142857142,11,16.428571428571427
2021-04-23 14:00:00+00:00,402,8447,8.0,15.0,17,17.428571428571427
2021-04-24 14:00:00+00:00,403,8462,15.0,14.714285714285714,13,17.0
2021-04-25 14:00:00+00:00,404,8475,13.0,14.142857142857142,11,16.142857142857142
2021-04-26 14:00:00+00:00,405,8483,8.0,13.714285714285714,22,16.428571428571427
2021-04-27 14:00:00+00:00,406,8501,18.0,13.571428571428571,9,14.714285714285714
2021-04-28 14:00:00+00:00,407,8521,20.0,14.571428571428571,17,14.285714285714286
2021-04-29 14:00:00+00:00,408,8530,9.0,13.0,21,15.714285714285714
2021-04-30 14:00:00+00:00,409,8555,25.0,15.428571428571429,16,15.571428571428571
2021-05-01 14:00:00+00:00,410,8575,20.0,16.142857142857142,13,15.571428571428571
2021-05-02 14:00:00+00:00,411,8585,10.0,15.714285714285714,20,16.857142857142858
2021-05-03 14:00:00+00:00,412,8605,20.0,17.428571428571427,10,15.142857142857142
2021-05-04 14:00:00+00:00,413,8612,7.0,15.857142857142858,12,15.571428571428571
2021-05-05 14:00:00+00:00,414,8622,10.0,14.428571428571429,10,14.571428571428571
2021-05-06 14:00:00+00:00,415,8631,9.0,14.428571428571429,10,13.0
2021-05-07 14:00:00+00:00,416,8642,11.0,12.428571428571429,8,11.857142857142858
2021-05-08 14:00:00+00:00,417,8652,10.0,11.0,13,11.857142857142858
2021-05-09 14:00:00+00:00,418,8660,8.0,10.714285714285714,14,11.0
2021-05-10 14:00:00+00:00,419,8670,10.0,9.285714285714286,7,10.571428571428571
2021-05-11 14:00:00+00:00,420,8678,8.0,9.428571428571429,10,10.285714285714286
2021-05-12 14:00:00+00:00,421,8687,9.0,9.285714285714286,19,11.571428571428571
2021-05-13 14:00:00+00:00,422,8704,17.0,10.428571428571429,15,12.285714285714286
2021-05-14 14:00:00+00:00,423,8716,12.0,10.571428571428571,11,12.714285714285714
2021-05-15 14:00:00+00:00,424,8733,17.0,11.571428571428571,3,11.285714285714286
2021-05-16 14:00:00+00:00,425,8737,4.0,11.0,11,10.857142857142858
2021-05-17 14:00:00+00:00,426,8740,3.0,10.0,13,11.714285714285714
2021-05-18 14:00:00+00:00,427,8754,14.0,10.857142857142858,9,11.571428571428571
2021-05-19 14:00:00+00:00,428,8766,12.0,11.285714285714286,11,10.428571428571429
2021-05-20 14:00:00+00:00,429,8768,2.0,9.142857142857142,17,10.714285714285714
2021-05-21 14:00:00+00:00,430,8782,14.0,9.428571428571429,7,10.142857142857142
2021-05-22 14:00:00+00:00,431,8799,17.0,9.428571428571429,9,11.0
2021-05-23 14:00:00+00:00,432,8816,17.0,11.285714285714286,3,9.857142857142858
2021-05-24 14:00:00+00:00,433,8831,15.0,13.0,11,9.571428571428571
2021-05-25 14:00:00+00:00,434,8838,7.0,12.0,8,9.428571428571429
2021-05-26 14:00:00+00:00,435,8846,8.0,11.428571428571429,9,9.142857142857142
2021-05-27 14:00:00+00:00,436,9368,522.0,85.71428571428571,10,8.142857142857142
2021-05-28 14:00:00+00:00,437,9380,12.0,85.42857142857143,6,8.0
2021-05-29 14:00:00+00:00,438,9387,7.0,84.0,10,8.142857142857142
2021-05-30 14:00:00+00:00,439,9395,8.0,82.71428571428571,5,8.428571428571429
2021-05-31 14:00:00+00:00,440,9402,7.0,81.57142857142857,3,7.285714285714286
2021-06-01 14:00:00+00:00,441,9404,2.0,80.85714285714286,4,6.714285714285714
2021-06-02 14:00:00+00:00,442,9410,6.0,80.57142857142857,2,5.714285714285714
2021-06-03 14:00:00+00:00,443,9414,4.0,6.571428571428571,6,5.142857142857143
2021-06-04 14:00:00+00:00,444,9417,3.0,5.285714285714286,5,5.0
2021-06-05 14:00:00+00:00,445,9426,9.0,5.571428571428571,6,4.428571428571429
2021-06-06 14:00:00+00:00,446,9431,5.0,5.142857142857143,4,4.285714285714286
2021-06-07 14:00:00+00:00,447,9435,4.0,4.714285714285714,2,4.142857142857143
2021-06-08 14:00:00+00:00,448,9438,3.0,4.857142857142857,6,4.428571428571429
2021-06-09 14:00:00+00:00,449,9442,4.0,4.571428571428571,5,4.857142857142857
2021-06-10 14:00:00+00:00,450,9450,8.0,5.142857142857143,6,4.857142857142857
2021-06-11 14:00:00+00:00,451,9459,9.0,6.0,3,4.571428571428571
2021-06-12 14:00:00+00:00,452,9464,5.0,5.428571428571429,2,4.0
2021-06-13 14:00:00+00:00,453,9466,2.0,5.0,2,3.7142857142857144
2021-06-14 14:00:00+00:00,454,9468,2.0,4.714285714285714,5,4.142857142857143
2021-06-15 14:00:00+00:00,455,9472,4.0,4.857142857142857,3,3.7142857142857144
2021-06-16 14:00:00+00:00,456,9478,6.0,5.142857142857143,3,3.4285714285714284
2021-06-17 14:00:00+00:00,457,9481,3.0,4.428571428571429,5,3.2857142857142856
2021-06-18 14:00:00+00:00,458,9486,5.0,3.857142857142857,4,3.4285714285714284
2021-06-19 14:00:00+00:00,459,9490,4.0,3.7142857142857144,2,3.4285714285714284
2021-06-20 14:00:00+00:00,460,9490,0.0,3.4285714285714284,4,3.7142857142857144
2021-06-21 14:00:00+00:00,461,9490,0.0,3.142857142857143,5,3.7142857142857144
2021-06-22 14:00:00+00:00,462,9498,8.0,3.7142857142857144,2,3.5714285714285716
2021-06-23 14:00:00+00:00,463,9505,7.0,3.857142857142857,2,3.4285714285714284
2021-06-24 14:00:00+00:00,464,9512,7.0,4.428571428571429,2,3.0
2021-06-25 14:00:00+00:00,465,9513,1.0,3.857142857142857,4,3.0
2021-06-26 14:00:00+00:00,466,9517,4.0,3.857142857142857,3,3.142857142857143
2021-06-27 14:00:00+00:00,467,9520,3.0,4.285714285714286,1,2.7142857142857144
2021-06-28 14:00:00+00:00,468,9522,2.0,4.571428571428571,1,2.142857142857143
2021-06-29 14:00:00+00:00,469,9523,1.0,3.5714285714285716,0,1.8571428571428572
2021-06-30 14:00:00+00:00,470,9524,1.0,2.7142857142857144,4,2.142857142857143
2021-07-01 14:00:00+00:00,471,9527,3.0,2.142857142857143,5,2.5714285714285716
2021-07-02 14:00:00+00:00,472,9529,2.0,2.2857142857142856,2,2.2857142857142856
2021-07-03 14:00:00+00:00,473,9532,3.0,2.142857142857143,2,2.142857142857143
2021-07-04 14:00:00+00:00,474,9532,0.0,1.7142857142857142,1,2.142857142857143
2021-07-05 14:00:00+00:00,475,9534,2.0,1.7142857142857142,1,2.142857142857143
2021-07-06 14:00:00+00:00,476,9537,3.0,2.0,1,2.2857142857142856
2021-07-07 14:00:00+00:00,477,9538,1.0,2.0,2,2.0
2021-07-08 14:00:00+00:00,478,9541,3.0,2.0,2,1.5714285714285714
2021-07-09 14:00:00+00:00,479,9544,3.0,2.142857142857143,0,1.2857142857142858
2021-07-10 14:00:00+00:00,480,9545,1.0,1.8571428571428572,1,1.1428571428571428
2021-07-11 14:00:00+00:00,481,9545,0.0,1.8571428571428572,0,1.0
2021-07-12 14:00:00+00:00,482,9544,-1.0,1.4285714285714286,3,1.2857142857142858
2021-07-13 14:00:00+00:00,483,9548,4.0,1.5714285714285714,3,1.5714285714285714
2021-07-14 14:00:00+00:00,484,9552,4.0,2.0,1,1.4285714285714286
2021-07-15 14:00:00+00:00,485,9556,4.0,2.142857142857143,3,1.5714285714285714
2021-07-16 14:00:00+00:00,486,9561,5.0,2.4285714285714284,3,2.0
2021-07-17 14:00:00+00:00,487,9563,2.0,2.5714285714285716,2,2.142857142857143
2021-07-18 14:00:00+00:00,488,9564,1.0,2.7142857142857144,3,2.5714285714285716
2021-07-19 14:00:00+00:00,489,9565,1.0,3.0,2,2.4285714285714284
2021-07-20 14:00:00+00:00,490,9569,4.0,3.0,3,2.4285714285714284
2021-07-21 14:00:00+00:00,491,9573,4.0,3.0,1,2.4285714285714284
2021-07-22 14:00:00+00:00,492,9579,6.0,3.2857142857142856,3,2.4285714285714284
2021-07-23 14:00:00+00:00,493,9582,3.0,3.0,1,2.142857142857143
2021-07-24 14:00:00+00:00,494,9587,5.0,3.4285714285714284,3,2.2857142857142856
2021-07-25 14:00:00+00:00,495,9588,1.0,3.4285714285714284,0,1.8571428571428572
2021-07-26 14:00:00+00:00,496,9589,1.0,3.4285714285714284,1,1.7142857142857142
2021-07-27 14:00:00+00:00,497,9591,2.0,3.142857142857143,2,1.5714285714285714
2021-07-28 14:00:00+00:00,498,9594,3.0,3.0,5,2.142857142857143
2021-07-29 14:00:00+00:00,499,9599,5.0,2.857142857142857,2,2.0
2021-07-30 14:00:00+00:00,500,9599,0.0,2.4285714285714284,4,2.4285714285714284
2021-07-31 14:00:00+00:00,501,9606,7.0,2.7142857142857144,4,2.5714285714285716
2021-08-01 14:00:00+00:00,502,9609,3.0,3.0,1,2.7142857142857144
2021-08-02 14:00:00+00:00,503,9609,0.0,2.857142857142857,5,3.2857142857142856
2021-08-03 14:00:00+00:00,504,9615,6.0,3.4285714285714284,3,3.4285714285714284
2021-08-04 14:00:00+00:00,505,9620,5.0,3.7142857142857144,4,3.2857142857142856
2021-08-05 14:00:00+00:00,506,9622,2.0,3.2857142857142856,4,3.5714285714285716
2021-08-06 14:00:00+00:00,507,9626,4.0,3.857142857142857,4,3.5714285714285716
2021-08-07 14:00:00+00:00,508,9629,3.0,3.2857142857142856,5,3.7142857142857144
2021-08-08 14:00:00+00:00,509,9637,8.0,4.0,7,4.571428571428571
2021-08-09 14:00:00+00:00,510,9641,4.0,4.571428571428571,1,4.0
2021-08-10 14:00:00+00:00,511,9648,7.0,4.714285714285714,3,4.0
2021-08-11 14:00:00+00:00,512,9649,1.0,4.142857142857143,5,4.142857142857143
2021-08-12 14:00:00+00:00,513,9652,3.0,4.285714285714286,4,4.142857142857143
2021-08-13 14:00:00+00:00,514,9657,5.0,4.428571428571429,6,4.428571428571429
2021-08-14 14:00:00+00:00,515,9666,9.0,5.285714285714286,3,4.142857142857143
2021-08-15 14:00:00+00:00,516,9670,4.0,4.714285714285714,7,4.142857142857143
2021-08-16 14:00:00+00:00,517,9675,5.0,4.857142857142857,6,4.857142857142857
2021-08-17 14:00:00+00:00,518,9678,3.0,4.285714285714286,5,5.142857142857143
2021-08-18 14:00:00+00:00,519,9686,8.0,5.285714285714286,9,5.714285714285714
2021-08-19 14:00:00+00:00,520,9695,9.0,6.142857142857143,10,6.571428571428571
2021-08-20 14:00:00+00:00,521,9701,6.0,6.285714285714286,8,6.857142857142857
2021-08-21 14:00:00+00:00,522,9716,15.0,7.142857142857143,7,7.428571428571429
2021-08-22 14:00:00+00:00,523,9721,5.0,7.285714285714286,4,7.0
2021-08-23 14:00:00+00:00,524,9726,5.0,7.285714285714286,7,7.142857142857143
2021-08-24 14:00:00+00:00,525,9734,8.0,8.0,9,7.714285714285714
2021-08-25 14:00:00+00:00,526,9745,11.0,8.428571428571429,2,6.714285714285714
2021-08-26 14:00:00+00:00,527,9741,-4.0,6.571428571428571,9,6.571428571428571
2021-08-27 14:00:00+00:00,528,9748,7.0,6.714285714285714,15,7.571428571428571
2021-08-28 14:00:00+00:00,529,9760,12.0,6.285714285714286,8,7.714285714285714
2021-08-29 14:00:00+00:00,530,9772,12.0,7.285714285714286,7,8.142857142857142
2021-08-30 14:00:00+00:00,531,9781,9.0,7.857142857142857,13,9.0
2021-08-31 14:00:00+00:00,532,9791,10.0,8.142857142857142,13,9.571428571428571
2021-09-01 14:00:00+00:00,533,9801,10.0,8.0,10,10.714285714285714
2021-09-02 14:00:00+00:00,534,9817,16.0,10.857142857142858,14,11.428571428571429
2021-09-03 14:00:00+00:00,535,9827,10.0,11.285714285714286,13,11.142857142857142
2021-09-04 14:00:00+00:00,536,9837,10.0,11.0,9,11.285714285714286
2021-09-05 14:00:00+00:00,537,9849,12.0,11.0,17,12.714285714285714
2021-09-06 14:00:00+00:00,538,9863,14.0,11.714285714285714,14,12.857142857142858
2021-09-07 14:00:00+00:00,539,9870,7.0,11.285714285714286,10,12.428571428571429
2021-09-08 14:00:00+00:00,540,9891,21.0,12.857142857142858,11,12.571428571428571
2021-09-09 14:00:00+00:00,541,9900,9.0,11.857142857142858,16,12.857142857142858
2021-09-10 14:00:00+00:00,542,9915,15.0,12.571428571428571,14,13.0
2021-09-11 14:00:00+00:00,543,9935,20.0,14.0,18,14.285714285714286
2021-09-12 14:00:00+00:00,544,9951,16.0,14.571428571428571,16,14.142857142857142
2021-09-13 14:00:00+00:00,545,9964,13.0,14.428571428571429,12,13.857142857142858
2021-09-14 14:00:00+00:00,546,9979,15.0,15.571428571428571,15,14.571428571428571
2021-09-15 14:00:00+00:00,547,9990,11.0,14.142857142857142,15,15.142857142857142
2021-09-16 14:00:00+00:00,548,10011,21.0,15.857142857142858,11,14.428571428571429
2021-09-17 14:00:00+00:00,549,10023,12.0,15.428571428571429,15,14.571428571428571
2021-09-18 14:00:00+00:00,550,10035,12.0,14.285714285714286,14,14.0
2021-09-19 14:00:00+00:00,551,10035,0.0,12.0,16,14.0
2021-09-20 14:00:00+00:00,552,10035,0.0,10.142857142857142,22,15.428571428571429
2021-09-21 14:00:00+00:00,553,10081,46.0,14.571428571428571,18,15.857142857142858
2021-09-22 14:00:00+00:00,554,10104,23.0,16.285714285714285,12,15.428571428571429
2021-09-23 14:00:00+00:00,555,10120,16.0,15.571428571428571,6,14.714285714285714
2021-09-24 14:00:00+00:00,556,10134,14.0,15.857142857142858,15,14.714285714285714
2021-09-25 14:00:00+00:00,557,10140,6.0,15.0,20,15.571428571428571
2021-09-26 14:00:00+00:00,558,10155,15.0,17.142857142857142,10,14.714285714285714
2021-09-27 14:00:00+00:00,559,10166,11.0,18.714285714285715,3,12.0
